   60545; 146797.0; 275.00000; 167.0835; 0.0056589
   65226; 146527.0; 276.00000; 166.5414; 0.0056572
   69906; 146260.0; 278.00000; 165.6781; 0.0057393
   74587; 145996.0; 279.00000; 165.7259; 0.0058771
   79267; 145734.0; 280.00000; 165.5562; 0.0058542
   83948; 145474.0; 282.00000; 164.6073; 0.0059132
   88629; 145216.0; 284.00000; 164.4417; 0.0058803
   93309; 144959.0; 285.00000; 164.6781; 0.0059319
   97990; 144704.0; 287.00000; 164.6320; 0.0060082
  102672; 144450.0; 288.00000; 164.1974; 0.0061051
  107362; 144196.0; 290.00000; 164.0475; 0.0060584
  112051; 143944.0; 292.00000; 163.9082; 0.0061074
  116741; 143693.0; 294.00000; 163.7678; 0.0061542
  121430; 143443.0; 295.00000; 163.5750; 0.0062168
  126119; 143194.0; 297.00000; 163.3629; 0.0063200
  130809; 142946.0; 299.00000; 163.2095; 0.0063200
  135498; 142699.0; 301.00000; 162.5804; 0.0063348
  140188; 142453.0; 303.00000; 162.7684; 0.0063742
  150042; 141939.0; 307.00000; 162.5020; 0.0064930
  154708; 141697.0; 309.00000; 162.1113; 0.0065811
  159375; 141456.0; 311.00000; 162.4280; 0.0065541
  164042; 141215.0; 312.00000; 162.4400; 0.0066045
  168708; 140976.0; 314.00000; 162.3658; 0.0066466
  173375; 140737.0; 316.00000; 162.1745; 0.0066873
  178042; 140499.0; 318.00000; 161.6203; 0.0067339
  182708; 140262.0; 320.00000; 161.4676; 0.0067783
  187375; 140025.0; 322.00000; 161.3329; 0.0068168
  192044; 139789.0; 324.00000; 161.5400; 0.0068636
  196718; 139554.0; 325.00000; 161.4681; 0.0069110
  201393; 139320.0; 327.00000; 161.1037; 0.0069500
  206068; 139086.0; 329.00000; 161.1281; 0.0069979
  210743; 138853.0; 331.00000; 160.9973; 0.0070370
  215417; 138621.0; 333.00000; 160.8987; 0.0070926
  220092; 138389.0; 335.00000; 160.8823; 0.0071337
  224767; 138159.0; 337.00000; 160.8952; 0.0071721
  229441; 137929.0; 339.00000; 160.9901; 0.0072116
  239542; 137434.0; 343.00000; 160.9059; 0.0073162
  244208; 137207.0; 345.00000; 160.7256; 0.0073660
  248875; 136980.0; 347.00000; 160.6114; 0.0074255
  253542; 136754.0; 349.00000; 160.5206; 0.0075533
  258208; 136529.0; 351.00000; 160.3106; 0.0074957
  262875; 136304.0; 353.00000; 160.1663; 0.0075127
  267542; 136080.0; 355.00000; 160.3800; 0.0075319
  272208; 135857.0; 357.00000; 160.3257; 0.0076270
  276875; 135635.0; 359.00000; 160.0204; 0.0076750
  281542; 135413.0; 361.00000; 159.7374; 0.0077149
  286208; 135192.0; 363.00000; 159.8034; 0.0077806
  290875; 134971.0; 365.00000; 160.0390; 0.0078346
  295542; 134751.0; 367.00000; 160.0160; 0.0078775
  300208; 134532.0; 369.00000; 159.7363; 0.0079094
  304875; 134313.0; 371.00000; 159.5514; 0.0078806
  309542; 134096.0; 373.00000; 159.5871; 0.0079760
  314208; 133878.0; 375.00000; 159.6509; 0.0080919
  318875; 133662.0; 378.00000; 159.5023; 0.0079966
  323540; 133446.0; 380.00000; 159.6751; 0.0081046
  328200; 133231.0; 382.00000; 160.3249; 0.0081629
  332860; 133016.0; 384.00000; 160.2397; 0.0082062
  337520; 132802.0; 386.00000; 160.0511; 0.0082490
  342180; 132589.0; 388.00000; 160.3172; 0.0083003
  346840; 132376.0; 390.00000; 160.3418; 0.0083163
  351500; 132163.0; 392.00000; 160.0794; 0.0083909
  356160; 131951.0; 395.00000; 160.0127; 0.0084651
  360820; 131740.0; 397.00000; 160.1180; 0.0085394
  370667; 131296.0; 401.00000; 159.5253; 0.0086728
  375333; 131086.0; 403.00000; 158.9700; 0.0087703
  380000; 130877.0; 405.00000; 158.3853; 0.0088237
  384667; 130669.0; 408.00000; 157.8125; 0.0088775
  389333; 130461.0; 410.00000; 157.6723; 0.0089389
  394000; 130255.0; 412.00000; 157.3357; 0.0089366
  398667; 130049.0; 415.00000; 157.2668; 0.0090638
  403333; 129843.0; 417.00000; 157.2149; 0.0091427
  408000; 129639.0; 419.00000; 156.5815; 0.0092099
  412665; 129435.0; 421.00000; 156.1996; 0.0092322
  417325; 129232.0; 423.00000; 156.1916; 0.0092193
  421985; 129030.0; 425.00000; 155.9310; 0.0093337
  426645; 128829.0; 428.00000; 155.9731; 0.0093768
  431305; 128628.0; 430.00000; 156.0443; 0.0093521
  435965; 128428.0; 432.00000; 156.0900; 0.0094913
  440625; 128228.0; 435.00000; 156.3718; 0.0094948
  445285; 128029.0; 437.00000; 156.2060; 0.0095002
  449945; 127831.0; 439.00000; 156.1511; 0.0096337
  459792; 127413.0; 444.00000; 156.1898; 0.0096836
  464458; 127216.0; 446.00000; 156.2028; 0.0098144
  469125; 127019.0; 448.00000; 156.2057; 0.0098421
  473792; 126823.0; 451.00000; 156.1954; 0.0098572
  478458; 126628.0; 453.00000; 156.0923; 0.0099621
  483125; 126432.0; 456.00000; 156.0262; 0.0099743
  487792; 126238.0; 458.00000; 156.0064; 0.0101080
  492458; 126044.0; 460.00000; 155.6830; 0.0100970
  497125; 125850.0; 463.00000; 155.4293; 0.0102420
  501792; 125657.0; 465.00000; 155.3673; 0.0102900
  506458; 125465.0; 467.00000; 155.1973; 0.0102750
  511125; 125273.0; 470.00000; 155.1107; 0.0104040
  515792; 125082.0; 472.00000; 155.0671; 0.0104440
  520457; 124891.0; 475.00000; 154.9481; 0.0104360
  525125; 124701.0; 477.00000; 155.1892; 0.0104470
  529792; 124511.0; 479.00000; 155.3110; 0.0105410
  534458; 124322.0; 482.00000; 155.3786; 0.0106700
  539125; 124133.0; 484.00000; 155.3479; 0.0106630
  543794; 123945.0; 486.00000; 155.0859; 0.0107210
  548468; 123756.0; 489.00000; 155.2662; 0.0107660
  553143; 123569.0; 491.00000; 155.3407; 0.0108230
  557818; 123382.0; 494.00000; 155.2178; 0.0108560
  562492; 123195.0; 496.00000; 155.2593; 0.0109030
  567167; 123008.0; 499.00000; 155.4861; 0.0110000
  571842; 122823.0; 501.00000; 155.5412; 0.0110690
  576517; 122637.0; 504.00000; 155.4183; 0.0110890
  581191; 122452.0; 506.00000; 155.4979; 0.0111110
  591038; 122064.0; 511.00000; 155.4099; 0.0112830
  595691; 121881.0; 514.00000; 155.2250; 0.0113310
  600344; 121698.0; 516.00000; 155.0506; 0.0113950
  604996; 121517.0; 519.00000; 155.0922; 0.0114510
  609649; 121335.0; 522.00000; 155.1766; 0.0115470
  614302; 121154.0; 524.00000; 155.1035; 0.0115060
  618955; 120974.0; 527.00000; 155.0794; 0.0116240
  623608; 120794.0; 529.00000; 155.3596; 0.0115630
  628260; 120614.0; 532.00000; 155.6653; 0.0116950
  632919; 120435.0; 534.00000; 155.6939; 0.0117280
  637593; 120255.0; 536.00000; 155.7188; 0.0118310
  642268; 120075.0; 539.00000; 155.7134; 0.0118280
  646943; 119896.0; 542.00000; 155.7482; 0.0118960
  651617; 119718.0; 545.00000; 155.7869; 0.0119930
  656292; 119539.0; 547.00000; 155.6924; 0.0120610
  660967; 119362.0; 550.00000; 155.6506; 0.0121000
  665642; 119184.0; 552.00000; 155.1475; 0.0121980
  670316; 119007.0; 556.00000; 155.1468; 0.0123590
  680163; 118636.0; 561.00000; 154.7333; 0.0124800
  684816; 118462.0; 564.00000; 154.2348; 0.0125440
  689469; 118288.0; 566.00000; 154.0735; 0.0125590
  694121; 118114.0; 569.00000; 153.7520; 0.0126690
  698774; 117941.0; 571.00000; 153.6432; 0.0127380
  703427; 117769.0; 574.00000; 153.6508; 0.0127690
  708080; 117597.0; 576.00000; 153.6680; 0.0128830
  712733; 117425.0; 579.00000; 153.5463; 0.0129210
  717385; 117254.0; 582.00000; 153.4183; 0.0129400
  722042; 117084.0; 584.00000; 153.3639; 0.0130000
  726708; 116913.0; 587.00000; 153.2918; 0.0130980
  731375; 116743.0; 590.00000; 153.2058; 0.0131390
  736042; 116573.0; 593.00000; 153.2888; 0.0131600
  740708; 116404.0; 595.00000; 153.5304; 0.0132150
  745375; 116234.0; 598.00000; 153.6324; 0.0132770
  750042; 116066.0; 601.00000; 153.7437; 0.0133860
  754708; 115897.0; 603.00000; 153.6571; 0.0134690
  759375; 115729.0; 606.00000; 153.7461; 0.0135030
  764044; 115562.0; 609.00000; 153.6435; 0.0135620
  768718; 115394.0; 612.00000; 153.4462; 0.0136270
  773393; 115227.0; 615.00000; 153.4028; 0.0137300
  778068; 115060.0; 618.00000; 153.3486; 0.0138050
  782742; 114894.0; 620.00000; 153.2404; 0.0138440
  787417; 114728.0; 623.00000; 153.2330; 0.0139350
  792092; 114563.0; 626.00000; 153.2941; 0.0140320
  796767; 114397.0; 629.00000; 153.0859; 0.0141240
  801441; 114233.0; 632.00000; 152.9971; 0.0142050
  811542; 113878.0; 638.00000; 151.9753; 0.0143750
  816208; 113715.0; 640.00000; 151.7391; 0.0144550
  820875; 113553.0; 643.00000; 151.5898; 0.0145480
  825542; 113391.0; 646.00000; 151.4320; 0.0146290
  830208; 113229.0; 649.00000; 151.3423; 0.0146680
  834875; 113068.0; 652.00000; 151.2939; 0.0147990
  839542; 112907.0; 655.00000; 151.2032; 0.0149630
  844208; 112747.0; 658.00000; 151.0294; 0.0150220
  848875; 112587.0; 661.00000; 150.5789; 0.0151200
  853533; 112428.0; 664.00000; 150.0612; 0.0152000
  858163; 112271.0; 667.00000; 149.6800; 0.0152710
  862794; 112114.0; 669.00000; 149.2517; 0.0153530
  867424; 111957.0; 673.00000; 149.0536; 0.0154380
  872055; 111801.0; 675.00000; 148.9689; 0.0155320
  876686; 111645.0; 678.00000; 148.8793; 0.0156460
  881316; 111490.0; 681.00000; 148.7588; 0.0157490
  885947; 111335.0; 684.00000; 148.6157; 0.0157880
  890577; 111181.0; 687.00000; 148.3932; 0.0158990
  900417; 110855.0; 695.00000; 148.0463; 0.0160710
  905083; 110689.0; 698.00000; 147.9403; 0.0161750
  909750; 110501.0; 702.00000; 147.5250; 0.0162900
  914417; 110294.0; 706.00000; 147.3816; 0.0164410
  919083; 110069.0; 710.00000; 147.1780; 0.0165790
  923750; 109828.0; 715.00000; 146.8785; 0.0166210
  928417; 109571.0; 720.00000; 146.6547; 0.0167290
  933083; 109300.0; 726.00000; 146.4089; 0.0170560
  937750; 109018.0; 732.00000; 146.2690; 0.0170620
  942413; 108726.0; 738.00000; 146.2061; 0.0171730
  947066; 108424.0; 744.00000; 146.2265; 0.0173070
  951719; 108115.0; 750.00000; 146.2281; 0.0174500
  956371; 107799.0; 757.00000; 146.0107; 0.0177310
  961024; 107477.0; 764.00000; 145.9061; 0.0177240
  965677; 107150.0; 771.00000; 146.1475; 0.0179200
  970330; 106819.0; 779.00000; 146.1200; 0.0181740
  974983; 106484.0; 787.00000; 146.1995; 0.0181350
  979635; 106147.0; 794.00000; 146.3173; 0.0183920
  984294; 105807.0; 802.00000; 145.6353; 0.0189180
  988968; 105464.0; 810.00000; 145.0624; 0.0189960
  993643; 105121.0; 818.00000; 144.6780; 0.0191930
  998318; 104777.0; 826.00000; 144.0051; 0.0194560
 1002992; 104432.0; 834.00000; 143.6693; 0.0197510
 1007667; 104088.0; 843.00000; 143.3275; 0.0199630
 1012342; 103745.0; 851.00000; 143.2144; 0.0200810
 1017017; 103402.0; 860.00000; 143.0589; 0.0204180
 1021691; 103060.0; 869.00000; 143.2078; 0.0204990
 1031541; 102342.0; 887.00000; 143.2425; 0.0209790
 1036208; 102004.0; 896.00000; 143.0093; 0.0211580
 1040875; 101667.0; 905.00000; 142.9748; 0.0213400
 1045541; 101331.0; 914.00000; 143.0917; 0.0215230
 1050208; 100997.0; 923.00000; 143.2319; 0.0215840
 1054875; 100664.0; 932.00000; 142.9576; 0.0218360
 1059542; 100333.0; 941.00000; 142.3533; 0.0222720
 1064208; 100003.0; 951.00000; 141.9533; 0.0226990
 1068875;  99675.0; 960.00000; 141.6807; 0.0229240
 1073544;  99348.0; 969.00000; 141.1972; 0.0231140
 1078218;  99023.0; 979.00000; 141.2710; 0.0233700
 1082893;  98699.0; 988.00000; 141.4031; 0.0235470
 1087568;  98378.0; 997.00000; 141.3969; 0.0237930
 1092243;  98057.0;1007.00000; 141.4889; 0.0241160
 1096917;  97739.0;1017.00000; 141.5910; 0.0243390
 1101592;  97422.0;1026.00000; 141.5848; 0.0245220
 1106267;  97106.0;1036.00000; 141.0152; 0.0247940
 1110941;  96792.0;1046.00000; 140.7861; 0.0251970
 1120667;  96145.0;1066.00000; 140.6244; 0.0256210
 1125333;  95836.0;1076.00000; 140.2352; 0.0259590
 1130000;  95530.0;1086.00000; 139.8808; 0.0262260
 1134667;  95224.0;1096.00000; 139.8341; 0.0265510
 1139333;  94921.0;1106.00000; 139.3985; 0.0268420
 1144000;  94619.0;1116.00000; 139.1443; 0.0270190
 1148667;  94319.0;1127.00000; 138.9840; 0.0273570
 1153333;  94021.0;1137.00000; 138.6094; 0.0278070
 1158000;  93724.0;1147.00000; 138.1494; 0.0281320
 1162663;  93429.0;1157.00000; 137.7605; 0.0283390
 1167316;  93136.0;1167.00000; 137.6535; 0.0286030
 1171969;  92845.0;1178.00000; 137.6548; 0.0288840
 1176621;  92556.0;1188.00000; 137.4123; 0.0291560
 1181274;  92268.0;1199.00000; 137.1024; 0.0294930
 1185927;  91981.0;1210.00000; 137.1303; 0.0297350
 1190580;  91696.0;1220.00000; 137.0661; 0.0301060
 1195233;  91413.0;1231.00000; 137.2329; 0.0303820
 1199885;  91131.0;1242.00000; 137.3913; 0.0304490
 1204544;  90850.0;1253.00000; 137.3004; 0.0307220
 1209218;  90569.0;1265.00000; 136.8974; 0.0311560
 1213893;  90289.0;1275.00000; 136.8561; 0.0314470
 1218568;  90011.0;1286.00000; 136.9325; 0.0316940
 1223243;  89735.0;1298.00000; 136.7352; 0.0319650
 1227917;  89459.0;1310.00000; 136.2915; 0.0324400
 1232592;  89185.0;1321.00000; 136.0030; 0.0328140
 1237267;  88912.0;1331.00000; 135.7240; 0.0330980
 1241941;  88641.0;1343.00000; 135.6434; 0.0332680
 1251663;  88081.0;1366.00000; 135.5571; 0.0338120
 1256316;  87815.0;1378.00000; 135.1072; 0.0340210
 1260969;  87551.0;1390.00000; 134.4854; 0.0348180
 1265621;  87288.0;1401.00000; 133.6457; 0.0354160
 1270274;  87026.0;1412.00000; 132.9552; 0.0357390
 1274927;  86766.0;1424.00000; 132.9719; 0.0361790
 1279580;  86507.0;1435.00000; 132.9017; 0.0364680
 1284233;  86250.0;1447.00000; 132.6714; 0.0367000
 1288885;  85994.0;1459.00000; 132.5719; 0.0371010
 1293540;  85739.0;1471.00000; 132.4708; 0.0374910
 1298200;  85485.0;1483.00000; 132.3132; 0.0377540
 1302860;  85232.0;1495.00000; 132.1957; 0.0380020
 1307520;  84981.0;1507.00000; 132.0179; 0.0382560
 1312180;  84731.0;1520.00000; 131.5164; 0.0387040
 1316840;  84482.0;1532.00000; 131.0046; 0.0393290
 1321500;  84234.0;1545.00000; 130.5808; 0.0396680
 1326160;  83988.0;1557.00000; 130.0978; 0.0402910
 1330820;  83743.0;1570.00000; 129.8956; 0.0406910
 1340663;  83229.0;1596.00000; 129.6106; 0.0413960
 1345316;  82989.0;1608.00000; 129.0964; 0.0418730
 1349969;  82749.0;1621.00000; 128.6239; 0.0425560
 1354621;  82511.0;1634.00000; 128.3749; 0.0428720
 1359274;  82274.0;1647.00000; 128.3501; 0.0431820
 1363927;  82038.0;1660.00000; 128.0624; 0.0437060
 1368580;  81804.0;1673.00000; 127.8875; 0.0441790
 1373233;  81570.0;1686.00000; 127.7881; 0.0444400
 1377885;  81338.0;1700.00000; 127.7715; 0.0449130
 1382531;  81107.0;1713.00000; 127.6947; 0.0452830
 1387156;  80878.0;1726.00000; 127.5011; 0.0456190
 1391781;  80650.0;1740.00000; 127.2561; 0.0461530
 1396406;  80423.0;1753.00000; 126.6993; 0.0466120
 1401031;  80198.0;1767.00000; 125.9513; 0.0471770
 1405656;  79973.0;1781.00000; 125.7450; 0.0477810
 1410281;  79750.0;1794.00000; 125.2253; 0.0482140
 1414906;  79528.0;1808.00000; 125.0140; 0.0487520
 1419531;  79307.0;1821.00000; 124.9076; 0.0493470
 1424161;  79087.0;1835.00000; 124.6756; 0.0497170
 1428807;  78867.0;1849.00000; 124.4545; 0.0501770
 1433452;  78648.0;1863.00000; 124.0979; 0.0506670
 1438097;  78431.0;1877.00000; 123.7050; 0.0511830
 1442743;  78214.0;1891.00000; 123.3761; 0.0518280
 1447388;  77999.0;1906.00000; 122.9315; 0.0523980
 1452033;  77785.0;1921.00000; 122.2179; 0.0532350
 1456678;  77572.0;1935.00000; 121.3538; 0.0540390
 1461324;  77360.0;1949.00000; 120.7682; 0.0546260
 1471521;  76899.0;1980.00000; 120.4561; 0.0555980
 1476104;  76694.0;1994.00000; 120.3431; 0.0560910
 1480688;  76490.0;2009.00000; 120.2342; 0.0564100
 1485271;  76286.0;2024.00000; 120.1798; 0.0569850
 1489854;  76084.0;2039.00000; 119.6024; 0.0578760
 1494438;  75883.0;2054.00000; 118.5738; 0.0587180
 1499021;  75682.0;2068.00000; 117.9785; 0.0594280
 1503604;  75483.0;2083.00000; 117.8700; 0.0598030
 1508188;  75285.0;2099.00000; 117.9015; 0.0602390
 1512779;  75088.0;2114.00000; 117.9244; 0.0606100
 1517395;  74890.0;2129.00000; 117.8110; 0.0612870
 1522011;  74693.0;2145.00000; 117.3851; 0.0619470
 1526627;  74498.0;2160.00000; 116.8054; 0.0625520
 1531243;  74303.0;2176.00000; 116.4182; 0.0631950
 1535858;  74109.0;2192.00000; 116.1064; 0.0639130
 1540474;  73916.0;2208.00000; 115.8810; 0.0645080
 1545090;  73724.0;2224.00000; 115.6019; 0.0650980
 1549706;  73533.0;2239.00000; 115.1615; 0.0657060
 1559528;  73130.0;2274.00000; 114.8379; 0.0670400
 1564139;  72942.0;2290.00000; 114.5742; 0.0678190
 1568750;  72755.0;2306.00000; 114.1039; 0.0685070
 1573361;  72569.0;2323.00000; 113.7995; 0.0689710
 1577972;  72383.0;2339.00000; 113.4218; 0.0698210
 1582583;  72199.0;2356.00000; 112.8602; 0.0708660
 1587194;  72016.0;2373.00000; 112.3608; 0.0715760
 1591806;  71834.0;2389.00000; 112.0816; 0.0722510
 1596417;  71652.0;2406.00000; 111.6980; 0.0730590
 1601031;  71472.0;2423.00000; 110.7979; 0.0740010
 1605656;  71292.0;2441.00000; 110.2135; 0.0750100
 1610281;  71113.0;2458.00000; 108.9747; 0.0763510
 1614906;  70935.0;2476.00000; 107.6919; 0.0776580
 1619531;  70759.0;2494.00000; 107.0380; 0.0785840
 1624156;  70584.0;2512.00000; 106.4658; 0.0796270
 1628781;  70411.0;2530.00000; 105.9105; 0.0807450
 1633406;  70238.0;2548.00000; 105.6470; 0.0813870
 1638031;  70067.0;2565.00000; 105.4044; 0.0819830
 1642654;  69896.0;2584.00000; 105.1953; 0.0828490
 1647270;  69727.0;2601.00000; 104.9272; 0.0836010
 1651886;  69559.0;2619.00000; 104.6506; 0.0844000
 1656502;  69391.0;2636.00000; 104.4276; 0.0849880
 1661118;  69225.0;2656.00000; 103.9429; 0.0861890
 1665733;  69059.0;2674.00000; 103.0941; 0.0875060
 1670349;  68894.0;2693.00000; 102.7672; 0.0883190
 1674965;  68731.0;2711.00000; 102.5121; 0.0892320
 1679581;  68568.0;2729.00000; 102.3450; 0.0899450
 1689521;  68220.0;2769.00000; 101.6221; 0.0918910
 1694104;  68060.0;2787.00000; 101.0542; 0.0928800
 1698688;  67902.0;2807.00000; 100.0700; 0.0943070
 1703271;  67745.0;2827.00000;  99.4317; 0.0956400
 1707854;  67588.0;2846.00000;  98.9222; 0.0967550
 1712438;  67433.0;2865.00000;  98.3677; 0.0976020
 1717021;  67278.0;2886.00000;  97.6516; 0.0991150
 1721604;  67125.0;2906.00000;  96.8306; 0.1008100
 1726188;  66973.0;2925.00000;  96.3281; 0.1018400
 1730775;  66821.0;2945.00000;  95.7701; 0.1032300
 1735377;  66670.0;2966.00000;  95.1436; 0.1047100
 1739978;  66520.0;2985.00000;  93.8227; 0.1068000
 1744579;  66372.0;3006.00000;  93.2995; 0.1083100
 1749180;  66224.0;3027.00000;  92.9352; 0.1095400
 1753781;  66077.0;3048.00000;  92.5598; 0.1108100
 1758382;  65932.0;3069.00000;  91.9974; 0.1122200
 1762984;  65787.0;3090.00000;  91.5026; 0.1136100
 1767585;  65643.0;3111.00000;  91.2121; 0.1148700
 1777514;  65335.0;3157.00000;  90.2608; 0.1178600
 1782069;  65195.0;3178.00000;  89.6643; 0.1193300
 1786625;  65056.0;3200.00000;  89.0607; 0.1209800
 1791181;  64918.0;3222.00000;  88.4477; 0.1226100
 1795736;  64781.0;3244.00000;  87.8169; 0.1242200
 1800292;  64645.0;3267.00000;  87.2609; 0.1259700
 1804847;  64510.0;3289.00000;  86.8858; 0.1274000
 1809403;  64375.0;3312.00000;  86.4213; 0.1288100
 1813958;  64241.0;3335.00000;  86.0228; 0.1302600
 1818521;  64108.0;3358.00000;  85.3737; 0.1322000
 1823104;  63975.0;3381.00000;  84.7235; 0.1339200
 1827688;  63844.0;3404.00000;  84.1934; 0.1358400
 1832271;  63713.0;3427.00000;  83.5138; 0.1377200
 1836854;  63583.0;3451.00000;  82.8051; 0.1396800
 1841438;  63453.0;3475.00000;  82.4559; 0.1415100
 1846021;  63325.0;3499.00000;  82.1821; 0.1430500
 1850604;  63198.0;3522.00000;  81.9649; 0.1442900
 1855188;  63071.0;3546.00000;  81.4783; 0.1461200
 1859768;  62945.0;3570.00000;  81.2285; 0.1476300
 1864340;  62820.0;3595.00000;  80.8336; 0.1492800
 1868911;  62696.0;3619.00000;  80.6231; 0.1508200
 1873483;  62572.0;3644.00000;  80.4184; 0.1521000
 1878055;  62449.0;3669.00000;  80.1800; 0.1535800
 1882627;  62327.0;3693.00000;  79.8892; 0.1551000
 1887198;  62205.0;3718.00000;  79.6040; 0.1566100
 1891770;  62084.0;3742.00000;  79.3317; 0.1580600
 1896342;  61963.0;3768.00000;  79.0343; 0.1596000
 1906149;  61707.0;3823.00000;  78.3970; 0.1630900
 1910746;  61587.0;3849.00000;  78.1139; 0.1646800
 1915344;  61469.0;3874.00000;  77.8814; 0.1663000
 1919941;  61351.0;3899.00000;  77.7744; 0.1680300
 1924538;  61233.0;3925.00000;  77.5580; 0.1693200
 1929135;  61116.0;3951.00000;  77.3540; 0.1708700
 1933733;  61000.0;3977.00000;  77.2404; 0.1723200
 1938330;  60884.0;4004.00000;  77.1725; 0.1737500
 1942927;  60769.0;4031.00000;  77.1211; 0.1750100
 1947514;  60654.0;4056.00000;  77.0965; 0.1764600
 1952071;  60541.0;4083.00000;  76.9568; 0.1775100
 1956628;  60428.0;4109.00000;  76.6750; 0.1791300
 1961185;  60315.0;4136.00000;  76.5542; 0.1808200
 1965743;  60203.0;4162.00000;  76.4477; 0.1823100
 1970300;  60091.0;4189.00000;  76.1580; 0.1836500
 1974857;  59980.0;4217.00000;  75.7335; 0.1856600
 1979414;  59870.0;4244.00000;  75.4721; 0.1878400
 1983971;  59760.0;4272.00000;  75.3803; 0.1895500
 1993771;  59525.0;4330.00000;  75.1723; 0.1927700
 1998354;  59415.0;4359.00000;  75.0730; 0.1942400
 2002938;  59307.0;4386.00000;  75.0804; 0.1958500
 2007521;  59198.0;4414.00000;  75.1477; 0.1969700
 2012104;  59090.0;4442.00000;  75.1946; 0.1980400
 2016688;  58983.0;4470.00000;  75.1343; 0.1992000
 2021271;  58875.0;4499.00000;  75.0426; 0.2004900
 2025854;  58769.0;4528.00000;  74.9396; 0.2019400
 2030438;  58662.0;4558.00000;  74.8555; 0.2033500
 2035017;  58556.0;4585.00000;  74.7872; 0.2051200
 2039587;  58451.0;4614.00000;  74.5949; 0.2066500
 2044156;  58346.0;4643.00000;  74.3759; 0.2083300
 2048726;  58241.0;4670.00000;  74.1779; 0.2103700
 2053295;  58137.0;4699.00000;  74.0740; 0.2121600
 2057864;  58033.0;4728.00000;  73.9764; 0.2138800
 2062434;  57930.0;4758.00000;  73.8673; 0.2152600
 2067003;  57827.0;4786.00000;  73.7705; 0.2170200
 2071572;  57725.0;4817.00000;  73.7410; 0.2184200
 2076143;  57622.0;4845.00000;  73.7055; 0.2202800
 2080715;  57521.0;4875.00000;  73.5780; 0.2215100
 2085286;  57419.0;4905.00000;  73.4655; 0.2230300
 2089858;  57318.0;4935.00000;  73.4409; 0.2249300
 2094429;  57217.0;4965.00000;  73.4292; 0.2263900
 2099002;  57117.0;4995.00000;  73.3212; 0.2277700
 2103573;  57017.0;5025.00000;  73.2120; 0.2294400
 2108145;  56917.0;5055.00000;  73.1075; 0.2311900
 2112717;  56818.0;5086.00000;  73.0215; 0.2328000
 2122521;  56606.0;5152.00000;  72.8470; 0.2364300
 2127104;  56508.0;5183.00000;  72.7872; 0.2380800
 2131688;  56410.0;5214.00000;  72.7844; 0.2397300
 2136271;  56312.0;5244.00000;  72.7676; 0.2413200
 2140854;  56214.0;5276.00000;  72.7341; 0.2426500
 2145438;  56117.0;5306.00000;  72.6637; 0.2443000
 2150021;  56020.0;5338.00000;  72.6495; 0.2458400
 2154604;  55924.0;5369.00000;  72.5733; 0.2474100
 2159188;  55827.0;5400.00000;  72.5717; 0.2491300
 2163768;  55732.0;5432.00000;  72.5301; 0.2505600
 2168340;  55636.0;5464.00000;  72.4683; 0.2520800
 2172912;  55541.0;5495.00000;  72.4092; 0.2537600
 2177483;  55446.0;5527.00000;  72.3766; 0.2555400
 2182055;  55352.0;5559.00000;  72.3494; 0.2571200
 2186627;  55258.0;5592.00000;  72.2786; 0.2585700
 2191198;  55164.0;5625.00000;  72.1865; 0.2602200
 2195770;  55070.0;5656.00000;  72.1019; 0.2621800
 2200342;  54977.0;5688.00000;  72.0279; 0.2640500
 2210149;  54778.0;5758.00000;  71.8405; 0.2678600
 2214747;  54685.0;5791.00000;  71.8038; 0.2697100
 2219344;  54593.0;5824.00000;  71.8141; 0.2714500
 2223941;  54501.0;5856.00000;  71.8125; 0.2730900
 2228538;  54409.0;5889.00000;  71.8126; 0.2746300
 2233135;  54317.0;5922.00000;  71.7748; 0.2761700
 2237733;  54226.0;5954.00000;  71.7170; 0.2778800
 2242330;  54135.0;5988.00000;  71.6698; 0.2795400
 2246927;  54044.0;6022.00000;  71.6363; 0.2812200
 2251514;  53954.0;6056.00000;  71.5939; 0.2829200
 2256069;  53864.0;6090.00000;  71.5342; 0.2845600
 2260625;  53775.0;6124.00000;  71.4795; 0.2864100
 2265181;  53686.0;6157.00000;  71.3888; 0.2883600
 2269736;  53598.0;6191.00000;  71.3712; 0.2902000
 2274292;  53509.0;6226.00000;  71.4108; 0.2918900
 2278847;  53421.0;6259.00000;  71.3765; 0.2935000
 2283403;  53333.0;6292.00000;  71.3530; 0.2952300
 2287958;  53246.0;6326.00000;  71.3212; 0.2969300
 2292514;  53159.0;6361.00000;  71.2886; 0.2985200
 2297071;  53071.0;6395.00000;  71.2595; 0.3002200
 2301628;  52985.0;6430.00000;  71.2207; 0.3020300
 2306185;  52898.0;6465.00000;  71.1989; 0.3038200
 2310742;  52812.0;6500.00000;  71.2085; 0.3055200
 2315300;  52726.0;6536.00000;  71.1884; 0.3071500
 2319857;  52640.0;6570.00000;  71.2280; 0.3088400
 2324414;  52554.0;6605.00000;  71.2540; 0.3105700
 2328971;  52469.0;6640.00000;  71.2602; 0.3120200
 2338767;  52286.0;6714.00000;  71.1191; 0.3157700
 2343337;  52201.0;6749.00000;  71.1358; 0.3177200
 2347906;  52116.0;6785.00000;  71.1398; 0.3194700
 2352476;  52032.0;6821.00000;  71.1274; 0.3210300
 2357045;  51948.0;6857.00000;  71.1247; 0.3227200
 2361615;  51864.0;6894.00000;  71.1398; 0.3243900
 2366184;  51780.0;6929.00000;  71.1324; 0.3261000
 2370753;  51696.0;6965.00000;  71.1136; 0.3279100
 2375323;  51613.0;7002.00000;  71.0795; 0.3295700
 2379893;  51530.0;7038.00000;  71.0267; 0.3313600
 2384465;  51447.0;7073.00000;  71.0110; 0.3333800
 2389037;  51364.0;7110.00000;  70.9448; 0.3353200
 2393608;  51282.0;7148.00000;  70.9039; 0.3370300
 2398180;  51199.0;7185.00000;  70.8892; 0.3390000
 2402752;  51117.0;7221.00000;  70.8943; 0.3410100
 2407323;  51036.0;7258.00000;  70.8827; 0.3428700
 2411895;  50954.0;7294.00000;  70.8573; 0.3445900
 2416467;  50873.0;7331.00000;  70.8487; 0.3464700
 2426271;  50699.0;7412.00000;  70.8158; 0.3503100
 2430854;  50618.0;7449.00000;  70.7963; 0.3522100
 2435438;  50537.0;7487.00000;  70.7863; 0.3541000
 2440021;  50457.0;7525.00000;  70.8059; 0.3559000
 2444604;  50377.0;7562.00000;  70.8512; 0.3577100
 2449188;  50297.0;7599.00000;  70.8384; 0.3594800
 2453771;  50217.0;7639.00000;  70.9006; 0.3610600
 2458354;  50137.0;7676.00000;  70.9306; 0.3626600
 2462938;  50058.0;7714.00000;  70.9111; 0.3644000
 2467517;  49978.0;7752.00000;  70.8996; 0.3660900
 2472087;  49899.0;7790.00000;  70.8936; 0.3679800
 2476656;  49821.0;7828.00000;  70.8692; 0.3698400
 2481226;  49742.0;7866.00000;  70.8407; 0.3717500
 2485795;  49664.0;7906.00000;  70.8421; 0.3736600
 2490365;  49586.0;7944.00000;  70.8513; 0.3754900
 2494934;  49508.0;7982.00000;  70.7608; 0.3774700
 2499503;  49430.0;8021.00000;  70.6780; 0.3793900
 2504073;  49353.0;8060.00000;  70.6248; 0.3816500
 2508639;  49276.0;8100.00000;  70.6199; 0.3839000
 2513196;  49199.0;8139.00000;  70.6662; 0.3859100
 2517753;  49122.0;8178.00000;  70.6448; 0.3878400
 2522310;  49046.0;8217.00000;  70.5634; 0.3895300
 2526867;  48969.0;8259.00000;  70.5261; 0.3915500
 2531425;  48893.0;8297.00000;  70.5213; 0.3936300
 2535982;  48817.0;8340.00000;  70.5257; 0.3959900
 2540539;  48742.0;8379.00000;  70.5536; 0.3974900
 2545096;  48666.0;8418.00000;  70.4958; 0.3996300
 2554892;  48505.0;8504.00000;  70.5077; 0.4039900
 2559462;  48430.0;8544.00000;  70.5057; 0.4058700
 2564031;  48355.0;8585.00000;  70.5175; 0.4077500
 2568601;  48280.0;8627.00000;  70.4973; 0.4095900
 2573170;  48205.0;8666.00000;  70.4651; 0.4113700
 2577740;  48131.0;8707.00000;  70.4707; 0.4137000
 2582309;  48057.0;8749.00000;  70.5062; 0.4156800
 2586878;  47983.0;8789.00000;  70.4931; 0.4174800
 2591448;  47909.0;8830.00000;  70.4405; 0.4194400
 2596018;  47835.0;8870.00000;  70.4145; 0.4214000
 2600590;  47761.0;8913.00000;  70.4186; 0.4237700
 2605162;  47688.0;8953.00000;  70.4289; 0.4256000
 2609733;  47615.0;8995.00000;  70.4483; 0.4278300
 2614305;  47542.0;9037.00000;  70.4761; 0.4296300
 2618877;  47469.0;9078.00000;  70.5225; 0.4314500
 2623448;  47396.0;9119.00000;  70.5474; 0.4333700
 2628020;  47324.0;9162.00000;  70.5423; 0.4351100
 2632592;  47251.0;9203.00000;  70.4800; 0.4367700
 2642271;  47098.0;9292.00000;  70.3374; 0.4415500
 2646854;  47026.0;9335.00000;  70.3335; 0.4439600
 2651438;  46955.0;9377.00000;  70.3571; 0.4463400
 2656021;  46883.0;9421.00000;  70.3839; 0.4485200
 2660604;  46811.0;9462.00000;  70.3823; 0.4503000
 2665188;  46740.0;9506.00000;  70.4087; 0.4523800
 2669771;  46669.0;9547.00000;  70.4428; 0.4542400
 2674354;  46598.0;9590.00000;  70.3990; 0.4563100
 2678938;  46527.0;9635.00000;  70.3665; 0.4580800
 2683514;  46456.0;9676.00000;  70.3782; 0.4601400
 2688069;  46386.0;9720.00000;  70.3677; 0.4626500
 2692625;  46316.0;9763.00000;  70.3896; 0.4645700
 2697181;  46246.0;9807.00000;  70.4329; 0.4666700
 2701736;  46176.0;9849.00000;  70.4460; 0.4685900
 2706292;  46107.0;9893.00000;  70.4517; 0.4705300
 2710847;  46038.0;9934.00000;  70.4401; 0.4723700
 2715403;  45968.0;9980.00000;  70.4566; 0.4745800
 2719958;  45899.0;10023.00000;  70.4573; 0.4764400
 2724522;  45830.0;10066.00000;  70.4425; 0.4785200
 2729108;  45761.0;10111.00000;  70.4178; 0.4807000
 2733695;  45692.0;10154.00000;  70.3612; 0.4827700
 2738281;  45623.0;10198.00000;  70.3565; 0.4850600
 2742867;  45554.0;10242.00000;  70.3736; 0.4876200
 2747454;  45485.0;10284.00000;  70.3808; 0.4898800
 2752040;  45417.0;10328.00000;  70.3926; 0.4920400
 2756627;  45348.0;10373.00000;  70.4088; 0.4939800
 2761213;  45280.0;10419.00000;  70.4243; 0.4960300
 2771017;  45135.0;10514.00000;  70.4213; 0.5003500
 2775587;  45067.0;10559.00000;  70.3906; 0.5025100
 2780156;  45000.0;10604.00000;  70.3520; 0.5046300
 2784726;  44933.0;10649.00000;  70.3576; 0.5069400
 2789295;  44866.0;10693.00000;  70.3689; 0.5093700
 2793865;  44799.0;10739.00000;  70.3806; 0.5116700
 2798434;  44732.0;10784.00000;  70.3934; 0.5136900
 2803003;  44665.0;10832.00000;  70.3938; 0.5157200
 2807573;  44599.0;10878.00000;  70.4169; 0.5177200
 2812143;  44532.0;10923.00000;  70.4510; 0.5199200
 2816715;  44466.0;10969.00000;  70.4655; 0.5221100
 2821287;  44400.0;11014.00000;  70.4718; 0.5240700
 2825858;  44334.0;11059.00000;  70.4988; 0.5261400
 2830430;  44268.0;11105.00000;  70.4863; 0.5283200
 2835002;  44202.0;11152.00000;  70.4694; 0.5303400
 2839573;  44137.0;11198.00000;  70.4494; 0.5324300
 2844145;  44071.0;11242.00000;  70.4092; 0.5347900
 2848717;  44006.0;11289.00000;  70.4201; 0.5373200
 2858392;  43868.0;11390.00000;  70.4260; 0.5421100
 2862962;  43803.0;11437.00000;  70.4363; 0.5443400
 2867531;  43738.0;11482.00000;  70.4543; 0.5465900
 2872101;  43674.0;11529.00000;  70.4718; 0.5488900
 2876670;  43609.0;11574.00000;  70.4706; 0.5510300
 2881240;  43545.0;11621.00000;  70.4415; 0.5531700
 2885809;  43480.0;11669.00000;  70.4512; 0.5553700
 2890378;  43416.0;11716.00000;  70.4051; 0.5576700
 2894948;  43352.0;11764.00000;  70.4218; 0.5599900
 2899521;  43288.0;11812.00000;  70.4218; 0.5624600
 2904104;  43225.0;11860.00000;  70.4013; 0.5647500
 2908688;  43161.0;11907.00000;  70.4111; 0.5670100
 2913271;  43097.0;11954.00000;  70.3797; 0.5694900
 2917854;  43034.0;12002.00000;  70.3575; 0.5718700
 2922438;  42970.0;12049.00000;  70.3600; 0.5742800
 2927021;  42907.0;12098.00000;  70.3818; 0.5767500
 2931604;  42844.0;12144.00000;  70.4043; 0.5790900
 2936188;  42781.0;12194.00000;  70.4049; 0.5814700
 2940768;  42718.0;12240.00000;  70.3995; 0.5835100
 2945340;  42655.0;12288.00000;  70.3819; 0.5858300
 2949912;  42593.0;12339.00000;  70.3514; 0.5882000
 2954483;  42530.0;12388.00000;  70.3615; 0.5903600
 2959055;  42468.0;12438.00000;  70.3840; 0.5929800
 2963627;  42406.0;12485.00000;  70.3923; 0.5954200
 2968198;  42344.0;12534.00000;  70.4079; 0.5977300
 2972770;  42282.0;12583.00000;  70.4177; 0.6000000
 2977342;  42221.0;12632.00000;  70.4074; 0.6021600
 2987507;  42084.0;12739.00000;  70.3973; 0.6074800
 2992035;  42023.0;12789.00000;  70.3905; 0.6098600
 2996562;  41962.0;12837.00000;  70.4068; 0.6121800
 3001090;  41902.0;12887.00000;  70.4272; 0.6146100
 3005618;  41841.0;12937.00000;  70.4081; 0.6168900
 3010146;  41781.0;12986.00000;  70.4260; 0.6189600
 3014674;  41721.0;13037.00000;  70.4570; 0.6214700
 3019201;  41660.0;13088.00000;  70.4252; 0.6238500
 3023729;  41600.0;13137.00000;  70.4304; 0.6259000
 3028268;  41540.0;13187.00000;  70.4306; 0.6283800
 3032840;  41480.0;13238.00000;  70.4552; 0.6310100
 3037412;  41420.0;13288.00000;  70.4631; 0.6333400
 3041983;  41360.0;13338.00000;  70.4474; 0.6356300
 3046555;  41300.0;13387.00000;  70.4401; 0.6380100
 3051127;  41240.0;13437.00000;  70.4133; 0.6406000
 3055698;  41180.0;13488.00000;  70.3951; 0.6431400
 3060270;  41120.0;13541.00000;  70.3726; 0.6457000
 3064842;  41061.0;13592.00000;  70.3730; 0.6482200
 3074642;  40934.0;13702.00000;  70.3928; 0.6538300
 3079212;  40874.0;13753.00000;  70.3896; 0.6562800
 3083781;  40815.0;13803.00000;  70.3905; 0.6586400
 3088351;  40756.0;13857.00000;  70.4188; 0.6611700
 3092920;  40698.0;13908.00000;  70.4302; 0.6635900
 3097490;  40639.0;13962.00000;  70.4409; 0.6659100
 3102059;  40580.0;14014.00000;  70.4758; 0.6682000
 3106628;  40522.0;14065.00000;  70.4943; 0.6704800
 3111198;  40463.0;14116.00000;  70.4844; 0.6729100
 3115767;  40405.0;14170.00000;  70.4675; 0.6752800
 3120337;  40347.0;14221.00000;  70.4889; 0.6776600
 3124906;  40289.0;14273.00000;  70.5007; 0.6802600
 3129476;  40231.0;14324.00000;  70.4910; 0.6828500
 3134045;  40173.0;14378.00000;  70.5051; 0.6851900
 3138615;  40115.0;14429.00000;  70.5080; 0.6876300
 3143184;  40057.0;14483.00000;  70.5089; 0.6902200
 3147753;  40000.0;14533.00000;  70.4963; 0.6926900
 3152323;  39942.0;14586.00000;  70.5021; 0.6951800
 3156889;  39885.0;14639.00000;  70.5202; 0.6978700
 3161446;  39828.0;14694.00000;  70.5137; 0.7003800
 3166003;  39771.0;14746.00000;  70.5409; 0.7026300
 3170560;  39714.0;14799.00000;  70.5677; 0.7051600
 3175117;  39657.0;14853.00000;  70.6282; 0.7078100
 3179675;  39600.0;14907.00000;  70.6335; 0.7099900
 3184232;  39544.0;14959.00000;  70.6504; 0.7120600
 3188789;  39487.0;15015.00000;  70.6374; 0.7143600
 3193346;  39431.0;15068.00000;  70.6180; 0.7167400
 3203507;  39305.0;15182.00000;  70.5953; 0.7229300
 3208035;  39249.0;15237.00000;  70.5859; 0.7256400
 3212562;  39194.0;15292.00000;  70.5834; 0.7281500
 3217090;  39138.0;15346.00000;  70.6102; 0.7307000
 3221618;  39083.0;15400.00000;  70.6292; 0.7333600
 3226146;  39027.0;15456.00000;  70.5813; 0.7360100
 3230674;  38972.0;15510.00000;  70.5465; 0.7382500
 3235201;  38917.0;15564.00000;  70.5357; 0.7408900
 3239729;  38862.0;15618.00000;  70.5313; 0.7440400
 3244268;  38807.0;15675.00000;  70.5068; 0.7469400
 3248840;  38751.0;15728.00000;  70.5293; 0.7496100
 3253412;  38696.0;15785.00000;  70.5506; 0.7524200
 3257983;  38641.0;15841.00000;  70.5563; 0.7552800
 3262555;  38586.0;15894.00000;  70.5527; 0.7574900
 3267127;  38531.0;15950.00000;  70.5648; 0.7601700
 3271698;  38476.0;16003.00000;  70.5734; 0.7628800
 3276270;  38421.0;16059.00000;  70.5561; 0.7654700
 3280842;  38366.0;16116.00000;  70.5445; 0.7680800
 3290646;  38249.0;16236.00000;  70.5634; 0.7739400
 3295229;  38194.0;16293.00000;  70.6043; 0.7766800
 3299812;  38140.0;16348.00000;  70.6255; 0.7792400
 3304396;  38085.0;16403.00000;  70.6310; 0.7817900
 3308979;  38031.0;16461.00000;  70.6524; 0.7842200
 3313562;  37977.0;16516.00000;  70.6665; 0.7867000
 3318146;  37923.0;16572.00000;  70.6567; 0.7891900
 3322729;  37869.0;16630.00000;  70.6096; 0.7918300
 3327312;  37815.0;16687.00000;  70.5710; 0.7944600
 3331892;  37761.0;16743.00000;  70.5661; 0.7973600
 3336462;  37707.0;16800.00000;  70.5795; 0.8007600
 3341031;  37654.0;16856.00000;  70.6208; 0.8037800
 3345601;  37600.0;16916.00000;  70.6643; 0.8064900
 3350170;  37547.0;16971.00000;  70.6873; 0.8089000
 3354740;  37494.0;17031.00000;  70.7046; 0.8111500
 3359309;  37441.0;17088.00000;  70.7204; 0.8135800
 3363878;  37388.0;17144.00000;  70.7190; 0.8158900
 3368448;  37335.0;17199.00000;  70.7141; 0.8186100
 3373018;  37282.0;17260.00000;  70.7170; 0.8214300
 3377590;  37229.0;17319.00000;  70.7253; 0.8241300
 3382162;  37176.0;17375.00000;  70.7195; 0.8267400
 3386733;  37123.0;17434.00000;  70.7181; 0.8295900
 3391305;  37071.0;17491.00000;  70.7324; 0.8324400
 3395877;  37018.0;17550.00000;  70.7450; 0.8352200
 3400448;  36966.0;17610.00000;  70.7915; 0.8380000
 3405020;  36913.0;17665.00000;  70.7778; 0.8405400
 3409592;  36861.0;17725.00000;  70.8045; 0.8431900
 3419510;  36748.0;17848.00000;  70.8318; 0.8489000
 3424052;  36696.0;17909.00000;  70.8182; 0.8515400
 3428594;  36645.0;17968.00000;  70.7974; 0.8540700
 3433135;  36593.0;18026.00000;  70.7945; 0.8567800
 3437677;  36542.0;18083.00000;  70.7962; 0.8597800
 3442219;  36490.0;18142.00000;  70.7999; 0.8629400
 3446760;  36439.0;18201.00000;  70.8263; 0.8659100
 3451302;  36388.0;18261.00000;  70.8682; 0.8685300
 3455844;  36337.0;18321.00000;  70.8977; 0.8711800
 3460393;  36286.0;18378.00000;  70.8940; 0.8736900
 3464965;  36234.0;18438.00000;  70.8849; 0.8760900
 3469537;  36183.0;18502.00000;  70.8749; 0.8787800
 3474108;  36132.0;18562.00000;  70.8206; 0.8815700
 3478680;  36081.0;18621.00000;  70.8069; 0.8844100
 3483252;  36030.0;18682.00000;  70.8205; 0.8876800
 3487823;  35979.0;18738.00000;  70.8533; 0.8913500
 3492395;  35928.0;18800.00000;  70.8726; 0.8942900
 3496967;  35878.0;18859.00000;  70.8825; 0.8971300
 3506646;  35771.0;18986.00000;  70.8993; 0.9025000
 3511229;  35720.0;19046.00000;  70.9112; 0.9053100
 3515812;  35670.0;19106.00000;  70.9262; 0.9081000
 3520396;  35619.0;19166.00000;  70.9551; 0.9109500
 3524979;  35569.0;19229.00000;  70.9822; 0.9137000
 3529562;  35518.0;19290.00000;  71.0121; 0.9163300
 3534146;  35468.0;19351.00000;  71.0411; 0.9188000
 3538729;  35418.0;19412.00000;  71.0694; 0.9214800
 3543312;  35368.0;19474.00000;  71.0948; 0.9240700
 3547892;  35318.0;19536.00000;  71.1304; 0.9266300
 3552462;  35268.0;19595.00000;  71.1361; 0.9292000
 3557031;  35218.0;19657.00000;  71.1131; 0.9317900
 3561601;  35169.0;19719.00000;  71.1041; 0.9344500
 3566170;  35119.0;19782.00000;  71.0968; 0.9373100
 3570740;  35070.0;19842.00000;  71.1158; 0.9389600
 3575309;  35020.0;19902.00000;  71.1046; 0.9371100
 3579878;  34971.0;19962.00000;  71.1253; 0.9402300
 3584448;  34922.0;20023.00000;  71.1559; 0.9430300
 3589018;  34872.0;20087.00000;  71.1526; 0.9460100
 3593590;  34823.0;20148.00000;  71.1804; 0.9485700
 3598162;  34774.0;20212.00000;  71.1853; 0.9510800
 3602733;  34725.0;20271.00000;  71.1564; 0.9540600
 3607305;  34676.0;20335.00000;  71.1396; 0.9567000
 3611877;  34627.0;20397.00000;  71.1562; 0.9599600
 3616448;  34579.0;20457.00000;  71.1664; 0.9630200
 3621020;  34530.0;20519.00000;  71.1805; 0.9663100
 3625592;  34481.0;20585.00000;  71.2174; 0.9692500
 3635517;  34376.0;20717.00000;  71.1502; 0.9749700
 3640087;  34328.0;20780.00000;  71.1621; 0.9780700
 3644656;  34279.0;20844.00000;  71.1779; 0.9814900
 3649226;  34231.0;20908.00000;  71.2219; 0.9846800
 3653795;  34183.0;20969.00000;  71.2320; 0.9874700
 3658365;  34135.0;21034.00000;  71.2671; 0.9902000
 3662934;  34087.0;21098.00000;  71.3058; 0.9927400
 3667503;  34039.0;21160.00000;  71.3015; 0.9953800
 3672073;  33991.0;21222.00000;  71.2644; 0.9978600
 3676639;  33943.0;21287.00000;  71.2562; 1.0007000
 3681196;  33895.0;21350.00000;  71.2875; 1.0040000
 3685753;  33848.0;21415.00000;  71.3007; 1.0072000
 3690310;  33800.0;21475.00000;  71.3023; 1.0104000
 3694867;  33753.0;21545.00000;  71.3289; 1.0129000
 3699425;  33705.0;21608.00000;  71.3813; 1.0160000
 3703982;  33658.0;21675.00000;  71.4156; 1.0185000
 3708539;  33611.0;21739.00000;  71.4078; 1.0213000
 3713096;  33564.0;21806.00000;  71.3945; 1.0234000
 3723017;  33461.0;21941.00000;  71.3913; 1.0301000
 3727587;  33414.0;22006.00000;  71.3999; 1.0335000
 3732156;  33367.0;22075.00000;  71.4076; 1.0366000
 3736726;  33320.0;22137.00000;  71.4052; 1.0396000
 3741295;  33273.0;22202.00000;  71.4109; 1.0424000
 3745865;  33226.0;22268.00000;  71.4206; 1.0458000
 3750434;  33180.0;22334.00000;  71.4396; 1.0487000
 3755003;  33133.0;22397.00000;  71.4309; 1.0517000
 3759573;  33086.0;22464.00000;  71.4633; 1.0547000
 3764149;  33040.0;22527.00000;  71.4921; 1.0577000
 3768747;  32993.0;22594.00000;  71.5060; 1.0607000
 3773344;  32946.0;22661.00000;  71.5066; 1.0635000
 3777941;  32900.0;22722.00000;  71.4992; 1.0660000
 3782538;  32853.0;22790.00000;  71.4961; 1.0690000
 3787135;  32806.0;22858.00000;  71.5017; 1.0726000
 3791733;  32760.0;22926.00000;  71.5080; 1.0755000
 3796330;  32714.0;22988.00000;  71.5096; 1.0786000
 3800927;  32667.0;23056.00000;  71.5159; 1.0818000
 3805511;  32621.0;23125.00000;  71.5380; 1.0852000
 3810053;  32575.0;23188.00000;  71.5901; 1.0880000
 3814595;  32530.0;23254.00000;  71.6132; 1.0909000
 3819138;  32484.0;23320.00000;  71.6520; 1.0940000
 3823680;  32439.0;23387.00000;  71.6701; 1.0961000
 3828222;  32393.0;23457.00000;  71.6774; 1.0988000
 3832765;  32348.0;23524.00000;  71.6867; 1.1014000
 3837307;  32303.0;23591.00000;  71.6926; 1.1040000
 3841849;  32258.0;23659.00000;  71.6927; 1.1072000
 3851517;  32161.0;23802.00000;  71.7020; 1.1139000
 3856087;  32116.0;23870.00000;  71.7194; 1.1171000
 3860656;  32071.0;23935.00000;  71.7570; 1.1202000
 3865226;  32026.0;24004.00000;  71.7740; 1.1233000
 3869795;  31981.0;24069.00000;  71.7821; 1.1263000
 3874365;  31935.0;24138.00000;  71.7749; 1.1288000
 3878934;  31890.0;24204.00000;  71.8043; 1.1319000
 3883503;  31845.0;24270.00000;  71.8186; 1.1349000
 3888073;  31801.0;24341.00000;  71.8402; 1.1382000
 3892643;  31756.0;24407.00000;  71.8563; 1.1410000
 3897215;  31711.0;24474.00000;  71.8659; 1.1438000
 3901787;  31666.0;24541.00000;  71.8868; 1.1468000
 3906358;  31621.0;24612.00000;  71.9129; 1.1499000
 3910930;  31577.0;24680.00000;  71.9264; 1.1528000
 3915502;  31532.0;24748.00000;  71.9524; 1.1555000
 3920073;  31488.0;24816.00000;  71.9597; 1.1585000
 3924645;  31443.0;24884.00000;  71.9667; 1.1616000
 3929217;  31399.0;24952.00000;  71.9635; 1.1644000
 3939017;  31304.0;25098.00000;  71.9786; 1.1711000
 3943587;  31260.0;25171.00000;  71.9982; 1.1745000
 3948156;  31215.0;25241.00000;  72.0219; 1.1775000
 3952726;  31171.0;25307.00000;  72.0426; 1.1805000
 3957295;  31127.0;25377.00000;  72.0673; 1.1836000
 3961865;  31083.0;25443.00000;  72.0842; 1.1868000
 3966434;  31039.0;25514.00000;  72.0885; 1.1895000
 3971003;  30995.0;25585.00000;  72.1039; 1.1925000
 3975573;  30952.0;25652.00000;  72.1131; 1.1953000
 3980149;  30908.0;25723.00000;  72.0848; 1.1984000
 3984747;  30864.0;25791.00000;  72.0980; 1.2018000
 3989344;  30820.0;25863.00000;  72.0912; 1.2048000
 3993941;  30776.0;25931.00000;  72.0959; 1.2089000
 3998538;  30732.0;25999.00000;  72.0810; 1.2118000
 4003135;  30688.0;26072.00000;  72.0839; 1.2155000
 4007733;  30645.0;26141.00000;  72.0917; 1.2188000
 4012330;  30601.0;26214.00000;  72.1032; 1.2222000
 4016927;  30558.0;26287.00000;  72.1353; 1.2256000
 4021511;  30514.0;26353.00000;  72.1517; 1.2287000
 4026053;  30471.0;26427.00000;  72.1474; 1.2317000
 4030595;  30428.0;26497.00000;  72.1808; 1.2350000
 4035138;  30386.0;26563.00000;  72.1907; 1.2375000
 4039680;  30343.0;26638.00000;  72.2027; 1.2410000
 4044222;  30300.0;26709.00000;  72.2157; 1.2441000
 4048765;  30257.0;26784.00000;  72.2416; 1.2468000
 4053307;  30215.0;26856.00000;  72.2655; 1.2501000
 4057849;  30172.0;26927.00000;  72.2756; 1.2529000
 4067642;  30081.0;27076.00000;  72.2722; 1.2595000
 4072212;  30038.0;27148.00000;  72.2879; 1.2630000
 4076781;  29995.0;27221.00000;  72.3120; 1.2663000
 4081351;  29953.0;27290.00000;  72.3363; 1.2696000
 4085920;  29910.0;27363.00000;  72.3561; 1.2728000
 4090490;  29868.0;27432.00000;  72.3720; 1.2759000
 4095059;  29825.0;27506.00000;  72.4078; 1.2786000
 4099627;  29783.0;27575.00000;  72.4274; 1.2818000
 4104198;  29741.0;27650.00000;  72.4322; 1.2846000
 4108764;  29698.0;27724.00000;  72.4488; 1.2876000
 4113321;  29656.0;27799.00000;  72.4846; 1.2905000
 4117877;  29614.0;27870.00000;  72.5258; 1.2937000
 4122435;  29572.0;27945.00000;  72.5525; 1.2967000
 4126993;  29530.0;28016.00000;  72.5756; 1.2998000
 4131550;  29488.0;28088.00000;  72.6022; 1.3021000
 4136107;  29446.0;28159.00000;  72.6115; 1.3053000
 4140663;  29405.0;28231.00000;  72.6198; 1.3082000
 4145220;  29363.0;28303.00000;  72.6413; 1.3111000
 4155020;  29273.0;28462.00000;  72.6696; 1.3181000
 4159604;  29231.0;28535.00000;  72.6832; 1.3211000
 4164188;  29190.0;28604.00000;  72.6817; 1.3243000
 4168770;  29148.0;28682.00000;  72.6922; 1.3276000
 4173354;  29106.0;28751.00000;  72.7018; 1.3312000
 4177938;  29064.0;28825.00000;  72.7266; 1.3342000
 4182520;  29023.0;28899.00000;  72.7475; 1.3378000
 4187104;  28981.0;28974.00000;  72.7495; 1.3409000
 4191688;  28940.0;29049.00000;  72.7322; 1.3438000
 4196271;  28898.0;29124.00000;  72.6938; 1.3470000
 4200854;  28857.0;29199.00000;  72.7055; 1.3505000
 4205438;  28816.0;29275.00000;  72.7285; 1.3544000
 4210021;  28774.0;29346.00000;  72.7492; 1.3586000
 4214604;  28733.0;29422.00000;  72.7709; 1.3620000
 4219188;  28692.0;29494.00000;  72.7894; 1.3652000
 4223771;  28651.0;29570.00000;  72.8136; 1.3680000
 4228354;  28610.0;29647.00000;  72.8533; 1.3714000
 4232938;  28569.0;29720.00000;  72.8926; 1.3742000
 4237514;  28528.0;29792.00000;  72.8968; 1.3771000
 4242071;  28487.0;29870.00000;  72.8880; 1.3802000
 4246628;  28446.0;29943.00000;  72.9002; 1.3829000
 4251185;  28406.0;30022.00000;  72.9339; 1.3861000
 4255743;  28365.0;30095.00000;  72.9842; 1.3900000
 4260300;  28324.0;30174.00000;  73.0007; 1.3930000
 4264857;  28284.0;30248.00000;  73.0035; 1.3960000
 4269414;  28243.0;30323.00000;  72.9954; 1.3983000
 4273971;  28203.0;30393.00000;  73.0152; 1.4018000
 4283767;  28116.0;30558.00000;  73.0485; 1.4097000
 4288337;  28076.0;30633.00000;  73.0817; 1.4125000
 4292906;  28036.0;30709.00000;  73.0861; 1.4157000
 4297476;  27995.0;30790.00000;  73.0990; 1.4190000
 4302045;  27955.0;30867.00000;  73.1237; 1.4220000
 4306615;  27915.0;30938.00000;  73.1252; 1.4251000
 4311184;  27875.0;31010.00000;  73.1320; 1.4286000
 4315753;  27835.0;31087.00000;  73.1571; 1.4321000
 4320323;  27794.0;31164.00000;  73.1832; 1.4358000
 4324893;  27754.0;31242.00000;  73.1885; 1.4388000
 4329465;  27714.0;31320.00000;  73.2104; 1.4418000
 4334037;  27674.0;31388.00000;  73.2434; 1.4449000
 4338608;  27635.0;31471.00000;  73.2498; 1.4483000
 4343180;  27595.0;31545.00000;  73.2585; 1.4519000
 4347752;  27555.0;31624.00000;  73.2662; 1.4542000
 4352324;  27515.0;31698.00000;  73.2937; 1.4581000
 4356895;  27475.0;31772.00000;  73.3239; 1.4613000
 4361467;  27436.0;31852.00000;  73.3390; 1.4649000
 4371507;  27349.0;32012.00000;  73.3744; 1.4714000
 4376035;  27309.0;32087.00000;  73.3705; 1.4749000
 4380562;  27270.0;32168.00000;  73.3681; 1.4781000
 4385090;  27231.0;32250.00000;  73.3890; 1.4814000
 4389618;  27192.0;32326.00000;  73.4151; 1.4848000
 4394146;  27153.0;32402.00000;  73.4175; 1.4883000
 4398674;  27114.0;32484.00000;  73.4101; 1.4917000
 4403201;  27075.0;32561.00000;  73.4242; 1.4949000
 4407729;  27036.0;32638.00000;  73.4344; 1.4983000
 4412271;  26997.0;32721.00000;  73.4431; 1.5023000
 4416854;  26958.0;32799.00000;  73.4664; 1.5056000
 4421438;  26919.0;32876.00000;  73.5021; 1.5089000
 4426021;  26880.0;32955.00000;  73.5342; 1.5125000
 4430604;  26841.0;33033.00000;  73.5555; 1.5157000
 4435188;  26802.0;33112.00000;  73.5624; 1.5185000
 4439771;  26762.0;33191.00000;  73.5913; 1.5216000
 4444354;  26723.0;33270.00000;  73.6053; 1.5249000
 4448938;  26685.0;33350.00000;  73.6155; 1.5282000
 4453514;  26646.0;33435.00000;  73.6384; 1.5313000
 4458071;  26607.0;33515.00000;  73.6688; 1.5347000
 4462628;  26568.0;33590.00000;  73.6893; 1.5378000
 4467185;  26530.0;33671.00000;  73.7006; 1.5412000
 4471743;  26491.0;33752.00000;  73.7097; 1.5446000
 4476300;  26453.0;33833.00000;  73.7140; 1.5475000
 4480857;  26414.0;33908.00000;  73.6969; 1.5510000
 4485414;  26376.0;33996.00000;  73.6886; 1.5545000
 4489971;  26338.0;34072.00000;  73.7414; 1.5584000
 4499767;  26255.0;34237.00000;  73.8053; 1.5668000
 4506622;  26198.0;34352.00000;  73.8338; 1.5708000
 4515760;  26121.0;34516.00000;  73.8829; 1.5769000
 4524899;  26045.0;34679.00000;  73.9133; 1.5832000
 4534038;  25968.0;34842.00000;  73.9158; 1.5899000
 4538600;  25930.0;34924.00000;  73.9256; 1.5934000
 4547751;  25854.0;35087.00000;  73.9556; 1.6009000
 4556894;  25779.0;35249.00000;  73.9925; 1.6078000
 4566038;  25703.0;35411.00000;  74.0274; 1.6146000
 4575181;  25627.0;35572.00000;  74.0629; 1.6214000
 4587628;  25525.0;35791.00000;  74.1271; 1.6305000
 4592142;  25487.0;35872.00000;  74.1495; 1.6338000
 4596656;  25450.0;35952.00000;  74.1831; 1.6370000
 4601170;  25413.0;36032.00000;  74.2126; 1.6402000
 4605684;  25376.0;36112.00000;  74.2380; 1.6432000
 4610198;  25339.0;36204.00000;  74.2490; 1.6462000
 4614712;  25302.0;36284.00000;  74.2494; 1.6492000
 4619226;  25265.0;36364.00000;  74.2757; 1.6519000
 4623740;  25228.0;36444.00000;  74.2997; 1.6560000
 4628271;  25191.0;36524.00000;  74.3186; 1.6598000
 4632854;  25154.0;36603.00000;  74.3258; 1.6630000
 4637438;  25117.0;36694.00000;  74.3410; 1.6662000
 4642021;  25079.0;36774.00000;  74.3678; 1.6697000
 4646604;  25042.0;36853.00000;  74.3895; 1.6729000
 4651188;  25005.0;36932.00000;  74.4162; 1.6768000
 4655771;  24968.0;37012.00000;  74.4559; 1.6800000
 4660354;  24931.0;37102.00000;  74.4813; 1.6833000
 4664938;  24893.0;37181.00000;  74.5024; 1.6862000
 4669514;  24856.0;37271.00000;  74.5310; 1.6888000
 4674071;  24820.0;37350.00000;  74.5561; 1.6923000
 4678628;  24783.0;37429.00000;  74.5824; 1.6953000
 4683185;  24746.0;37519.00000;  74.5997; 1.6989000
 4687743;  24709.0;37598.00000;  74.6275; 1.7020000
 4692300;  24672.0;37676.00000;  74.6525; 1.7049000
 4696857;  24636.0;37766.00000;  74.6750; 1.7087000
 4701414;  24599.0;37855.00000;  74.7044; 1.7117000
 4705971;  24563.0;37934.00000;  74.7166; 1.7144000
 4715767;  24484.0;38112.00000;  74.7350; 1.7220000
 4720337;  24447.0;38201.00000;  74.7644; 1.7255000
 4724906;  24411.0;38279.00000;  74.7813; 1.7289000
 4729476;  24374.0;38368.00000;  74.7991; 1.7325000
 4734045;  24338.0;38446.00000;  74.8105; 1.7361000
 4738615;  24301.0;38535.00000;  74.8172; 1.7393000
 4743184;  24265.0;38624.00000;  74.8420; 1.7430000
 4747753;  24229.0;38712.00000;  74.8799; 1.7462000
 4752323;  24192.0;38790.00000;  74.8985; 1.7498000
 4756893;  24156.0;38878.00000;  74.9117; 1.7531000
 4761465;  24120.0;38966.00000;  74.9474; 1.7566000
 4766037;  24083.0;39054.00000;  74.9575; 1.7596000
 4770608;  24047.0;39142.00000;  74.9528; 1.7630000
 4775180;  24011.0;39219.00000;  74.9838; 1.7661000
 4779752;  23975.0;39307.00000;  75.0107; 1.7699000
 4784324;  23939.0;39395.00000;  75.0381; 1.7744000
 4788895;  23903.0;39482.00000;  75.0520; 1.7769000
 4793467;  23866.0;39559.00000;  75.0718; 1.7802000
 4803507;  23787.0;39744.00000;  75.1145; 1.7882000
 4808035;  23752.0;39831.00000;  75.1187; 1.7911000
 4812562;  23716.0;39919.00000;  75.1303; 1.7945000
 4817090;  23681.0;39995.00000;  75.1509; 1.7979000
 4821618;  23645.0;40082.00000;  75.1753; 1.8018000
 4826146;  23610.0;40168.00000;  75.2045; 1.8057000
 4830674;  23574.0;40255.00000;  75.2273; 1.8086000
 4835201;  23539.0;40342.00000;  75.2512; 1.8117000
 4839729;  23504.0;40428.00000;  75.2799; 1.8149000
 4844271;  23468.0;40504.00000;  75.2927; 1.8183000
 4848854;  23432.0;40590.00000;  75.2979; 1.8217000
 4853438;  23397.0;40676.00000;  75.2892; 1.8253000
 4858021;  23361.0;40773.00000;  75.2978; 1.8288000
 4862604;  23325.0;40859.00000;  75.3005; 1.8326000
 4867188;  23290.0;40945.00000;  75.2942; 1.8363000
 4871771;  23254.0;41031.00000;  75.3029; 1.8406000
 4876354;  23219.0;41117.00000;  75.3061; 1.8447000
 4880938;  23183.0;41202.00000;  75.2942; 1.8489000
 4885514;  23148.0;41298.00000;  75.3074; 1.8527000
 4890071;  23113.0;41373.00000;  75.3026; 1.8566000
 4894628;  23077.0;41469.00000;  75.3221; 1.8607000
 4899185;  23042.0;41554.00000;  75.3514; 1.8650000
 4903743;  23007.0;41639.00000;  75.3572; 1.8683000
 4908300;  22972.0;41724.00000;  75.3766; 1.8721000
 4912857;  22937.0;41820.00000;  75.4063; 1.8755000
 4917414;  22902.0;41904.00000;  75.4409; 1.8791000
 4921971;  22867.0;41989.00000;  75.4711; 1.8822000
 4931642;  22793.0;42179.00000;  75.5086; 1.8891000
 4936212;  22758.0;42263.00000;  75.5291; 1.8923000
 4940781;  22723.0;42358.00000;  75.5519; 1.8960000
 4945351;  22688.0;42442.00000;  75.5855; 1.8995000
 4949920;  22653.0;42526.00000;  75.6088; 1.9027000
 4954490;  22618.0;42621.00000;  75.6321; 1.9064000
 4959059;  22584.0;42705.00000;  75.6614; 1.9094000
 4963628;  22549.0;42788.00000;  75.6785; 1.9126000
 4968198;  22514.0;42882.00000;  75.7054; 1.9163000
 4972772;  22479.0;42976.00000;  75.7430; 1.9195000
 4977358;  22444.0;43060.00000;  75.7743; 1.9226000
 4981945;  22410.0;43143.00000;  75.7995; 1.9259000
 4986531;  22375.0;43226.00000;  75.8282; 1.9294000
 4991118;  22340.0;43320.00000;  75.8570; 1.9326000
 4995704;  22305.0;43413.00000;  75.8479; 1.9357000
 5000290;  22271.0;43506.00000;  75.8622; 1.9386000
 5004877;  22236.0;43599.00000;  75.8859; 1.9424000
 5009463;  22201.0;43682.00000;  75.8953; 1.9465000
 5019507;  22126.0;43878.00000;  75.9274; 1.9547000
 5024035;  22092.0;43971.00000;  75.9647; 1.9582000
 5028562;  22058.0;44063.00000;  75.9906; 1.9617000
 5033090;  22024.0;44145.00000;  76.0188; 1.9650000
 5037618;  21990.0;44238.00000;  76.0446; 1.9683000
 5042146;  21956.0;44330.00000;  76.0703; 1.9718000
 5046674;  21922.0;44422.00000;  76.0973; 1.9747000
 5051201;  21888.0;44514.00000;  76.1250; 1.9780000
 5055729;  21854.0;44595.00000;  76.1496; 1.9813000
 5060271;  21820.0;44687.00000;  76.1637; 1.9847000
 5064854;  21786.0;44779.00000;  76.1885; 1.9883000
 5069438;  21752.0;44870.00000;  76.2092; 1.9915000
 5074021;  21717.0;44962.00000;  76.2279; 1.9951000
 5078604;  21683.0;45053.00000;  76.2508; 1.9986000
 5083188;  21649.0;45144.00000;  76.2780; 2.0021000
 5087771;  21615.0;45225.00000;  76.2999; 2.0056000
 5092354;  21581.0;45316.00000;  76.3198; 2.0092000
 5096938;  21547.0;45417.00000;  76.3467; 2.0127000
 5101514;  21513.0;45507.00000;  76.3709; 2.0157000
 5106071;  21479.0;45598.00000;  76.3989; 2.0190000
 5110628;  21446.0;45688.00000;  76.4290; 2.0226000
 5115185;  21412.0;45779.00000;  76.4363; 2.0260000
 5119743;  21378.0;45869.00000;  76.4568; 2.0293000
 5124300;  21344.0;45959.00000;  76.4955; 2.0329000
 5128857;  21311.0;46049.00000;  76.5173; 2.0365000
 5133414;  21277.0;46149.00000;  76.5179; 2.0399000
 5137971;  21244.0;46238.00000;  76.5234; 2.0428000
 5147764;  21172.0;46437.00000;  76.5396; 2.0514000
 5152319;  21138.0;46527.00000;  76.5430; 2.0554000
 5156875;  21105.0;46616.00000;  76.5555; 2.0594000
 5161431;  21071.0;46705.00000;  76.5714; 2.0635000
 5165986;  21038.0;46804.00000;  76.5904; 2.0675000
 5170542;  21005.0;46893.00000;  76.6010; 2.0710000
 5175097;  20971.0;46982.00000;  76.6035; 2.0746000
 5179653;  20938.0;47080.00000;  76.6294; 2.0786000
 5184208;  20905.0;47178.00000;  76.6384; 2.0824000
 5188772;  20871.0;47267.00000;  76.6618; 2.0859000
 5193358;  20838.0;47365.00000;  76.6813; 2.0897000
 5197945;  20805.0;47453.00000;  76.6945; 2.0936000
 5202531;  20771.0;47551.00000;  76.6990; 2.0971000
 5207118;  20738.0;47639.00000;  76.7089; 2.1010000
 5211704;  20705.0;47727.00000;  76.7322; 2.1047000
 5216290;  20671.0;47824.00000;  76.7703; 2.1091000
 5220877;  20638.0;47912.00000;  76.7996; 2.1127000
 5225463;  20605.0;48009.00000;  76.8093; 2.1158000
 5235507;  20532.0;48203.00000;  76.8643; 2.1233000
 5240035;  20499.0;48300.00000;  76.8844; 2.1269000
 5244562;  20467.0;48396.00000;  76.9254; 2.1301000
 5249090;  20434.0;48483.00000;  76.9388; 2.1335000
 5253618;  20401.0;48579.00000;  76.9589; 2.1369000
 5258146;  20369.0;48666.00000;  76.9929; 2.1403000
 5262674;  20336.0;48762.00000;  77.0155; 2.1439000
 5267201;  20304.0;48858.00000;  77.0311; 2.1472000
 5271729;  20271.0;48954.00000;  77.0533; 2.1503000
 5276271;  20238.0;49050.00000;  77.0806; 2.1539000
 5280854;  20206.0;49145.00000;  77.0940; 2.1575000
 5285438;  20173.0;49241.00000;  77.1147; 2.1611000
 5290021;  20140.0;49326.00000;  77.1357; 2.1647000
 5294604;  20107.0;49422.00000;  77.1378; 2.1686000
 5299188;  20074.0;49526.00000;  77.1505; 2.1724000
 5303771;  20042.0;49621.00000;  77.1596; 2.1758000
 5308354;  20009.0;49716.00000;  77.1754; 2.1798000
 5312938;  19976.0;49811.00000;  77.1846; 2.1840000
 5317514;  19944.0;49905.00000;  77.1881; 2.1879000
 5322071;  19911.0;49999.00000;  77.2030; 2.1919000
 5326628;  19879.0;50094.00000;  77.2242; 2.1959000
 5331185;  19846.0;50197.00000;  77.2402; 2.1999000
 5335743;  19814.0;50291.00000;  77.2640; 2.2034000
 5340300;  19782.0;50385.00000;  77.2821; 2.2070000
 5344857;  19749.0;50479.00000;  77.2999; 2.2110000
 5349414;  19717.0;50572.00000;  77.3332; 2.2146000
 5353971;  19685.0;50666.00000;  77.3413; 2.2182000
 5363764;  19616.0;50871.00000;  77.3622; 2.2258000
 5368319;  19584.0;50964.00000;  77.3868; 2.2298000
 5372875;  19551.0;51057.00000;  77.4094; 2.2339000
 5377431;  19519.0;51159.00000;  77.4169; 2.2376000
 5381986;  19487.0;51252.00000;  77.4244; 2.2410000
 5386542;  19455.0;51353.00000;  77.4432; 2.2448000
 5391097;  19423.0;51446.00000;  77.4484; 2.2489000
 5395653;  19391.0;51538.00000;  77.4637; 2.2528000
 5400208;  19359.0;51630.00000;  77.4706; 2.2569000
 5404772;  19327.0;51722.00000;  77.5168; 2.2610000
 5409358;  19295.0;51823.00000;  77.5243; 2.2649000
 5413945;  19263.0;51924.00000;  77.5317; 2.2680000
 5418531;  19231.0;52016.00000;  77.5379; 2.2714000
 5423118;  19199.0;52116.00000;  77.5593; 2.2758000
 5427704;  19167.0;52207.00000;  77.5880; 2.2799000
 5432290;  19135.0;52308.00000;  77.6106; 2.2838000
 5436877;  19103.0;52408.00000;  77.6394; 2.2872000
 5441463;  19071.0;52499.00000;  77.6731; 2.2905000
 5451507;  19001.0;52708.00000;  77.7374; 2.2980000
 5456035;  18969.0;52807.00000;  77.7550; 2.3012000
 5460562;  18938.0;52907.00000;  77.7442; 2.3044000
 5465090;  18907.0;53006.00000;  77.7500; 2.3080000
 5469618;  18875.0;53105.00000;  77.7593; 2.3125000
 5474146;  18844.0;53204.00000;  77.7918; 2.3168000
 5478674;  18813.0;53303.00000;  77.8130; 2.3208000
 5483201;  18781.0;53410.00000;  77.8435; 2.3244000
 5487729;  18750.0;53509.00000;  77.8700; 2.3276000
 5492271;  18719.0;53598.00000;  77.8921; 2.3311000
 5496854;  18687.0;53697.00000;  77.9192; 2.3350000
 5501438;  18655.0;53804.00000;  77.9458; 2.3386000
 5506021;  18624.0;53893.00000;  77.9618; 2.3417000
 5510604;  18592.0;53999.00000;  77.9802; 2.3454000
 5515188;  18561.0;54097.00000;  78.0052; 2.3491000
 5519771;  18529.0;54194.00000;  78.0311; 2.3527000
 5524354;  18498.0;54292.00000;  78.0450; 2.3565000
 5528938;  18466.0;54389.00000;  78.0603; 2.3601000
 5533514;  18435.0;54486.00000;  78.0772; 2.3638000
 5538071;  18404.0;54583.00000;  78.1003; 2.3677000
 5542628;  18372.0;54688.00000;  78.1368; 2.3716000
 5547185;  18341.0;54785.00000;  78.1686; 2.3750000
 5551743;  18310.0;54882.00000;  78.1824; 2.3782000
 5556300;  18279.0;54987.00000;  78.1991; 2.3817000
 5560857;  18248.0;55083.00000;  78.2153; 2.3851000
 5565414;  18217.0;55187.00000;  78.2466; 2.3890000
 5569971;  18186.0;55292.00000;  78.2638; 2.3928000
 5579767;  18119.0;55501.00000;  78.3134; 2.4005000
 5584337;  18088.0;55605.00000;  78.3582; 2.4042000
 5588906;  18057.0;55700.00000;  78.3714; 2.4076000
 5593476;  18026.0;55795.00000;  78.3944; 2.4110000
 5598045;  17995.0;55899.00000;  78.4117; 2.4146000
 5602615;  17964.0;56002.00000;  78.4215; 2.4182000
 5607184;  17933.0;56105.00000;  78.4352; 2.4218000
 5611753;  17902.0;56200.00000;  78.4541; 2.4258000
 5616323;  17871.0;56303.00000;  78.4757; 2.4300000
 5620893;  17840.0;56406.00000;  78.4956; 2.4339000
 5625465;  17809.0;56508.00000;  78.5092; 2.4375000
 5630037;  17778.0;56602.00000;  78.5438; 2.4412000
 5634608;  17748.0;56704.00000;  78.5560; 2.4451000
 5639180;  17717.0;56806.00000;  78.5746; 2.4488000
 5643752;  17686.0;56917.00000;  78.6012; 2.4522000
 5648324;  17655.0;57019.00000;  78.6262; 2.4559000
 5652895;  17624.0;57120.00000;  78.6507; 2.4595000
 5657467;  17594.0;57213.00000;  78.6731; 2.4633000
 5667507;  17526.0;57433.00000;  78.7245; 2.4713000
 5672035;  17496.0;57534.00000;  78.7492; 2.4747000
 5676562;  17466.0;57634.00000;  78.7575; 2.4782000
 5681090;  17435.0;57735.00000;  78.7785; 2.4820000
 5685618;  17405.0;57836.00000;  78.7978; 2.4858000
 5690146;  17375.0;57936.00000;  78.8129; 2.4896000
 5694674;  17345.0;58044.00000;  78.8276; 2.4933000
 5699201;  17314.0;58144.00000;  78.8421; 2.4971000
 5703729;  17284.0;58244.00000;  78.8667; 2.5009000
 5708271;  17254.0;58344.00000;  78.8924; 2.5050000
 5712854;  17223.0;58443.00000;  78.9096; 2.5089000
 5717438;  17193.0;58551.00000;  78.9333; 2.5124000
 5722021;  17162.0;58650.00000;  78.9550; 2.5160000
 5726604;  17132.0;58758.00000;  78.9630; 2.5197000
 5731188;  17102.0;58857.00000;  78.9833; 2.5234000
 5735771;  17071.0;58955.00000;  78.9882; 2.5274000
 5740354;  17041.0;59062.00000;  78.9925; 2.5316000
 5744938;  17010.0;59160.00000;  79.0070; 2.5357000
 5749514;  16980.0;59267.00000;  79.0125; 2.5400000
 5754071;  16950.0;59373.00000;  79.0358; 2.5442000
 5758628;  16920.0;59471.00000;  79.0606; 2.5481000
 5763185;  16890.0;59577.00000;  79.0764; 2.5522000
 5767743;  16860.0;59674.00000;  79.0958; 2.5558000
 5772300;  16830.0;59780.00000;  79.1164; 2.5596000
 5776857;  16800.0;59885.00000;  79.1374; 2.5635000
 5781414;  16770.0;59990.00000;  79.1641; 2.5670000
 5785971;  16740.0;60095.00000;  79.1898; 2.5707000
 5795771;  16675.0;60321.00000;  79.2233; 2.5785000
 5800354;  16645.0;60417.00000;  79.2436; 2.5824000
 5804938;  16615.0;60522.00000;  79.2759; 2.5866000
 5809521;  16585.0;60626.00000;  79.2971; 2.5904000
 5814104;  16555.0;60738.00000;  79.3160; 2.5938000
 5818688;  16525.0;60841.00000;  79.3415; 2.5972000
 5823271;  16495.0;60945.00000;  79.3774; 2.6009000
 5827854;  16465.0;61049.00000;  79.3980; 2.6048000
 5832438;  16435.0;61160.00000;  79.4094; 2.6082000
 5837018;  16405.0;61263.00000;  79.4254; 2.6116000
 5841590;  16375.0;61374.00000;  79.4476; 2.6156000
 5846162;  16346.0;61468.00000;  79.4666; 2.6196000
 5850733;  16316.0;61579.00000;  79.4751; 2.6235000
 5855305;  16286.0;61689.00000;  79.4958; 2.6276000
 5859877;  16256.0;61799.00000;  79.5217; 2.6312000
 5864449;  16227.0;61901.00000;  79.5486; 2.6351000
 5869020;  16197.0;62003.00000;  79.5671; 2.6390000
 5873592;  16167.0;62112.00000;  79.5910; 2.6429000
 5883510;  16103.0;62330.00000;  79.6177; 2.6508000
 5888052;  16074.0;62439.00000;  79.6403; 2.6547000
 5892594;  16044.0;62548.00000;  79.6655; 2.6587000
 5897135;  16015.0;62648.00000;  79.6747; 2.6624000
 5901677;  15986.0;62757.00000;  79.6777; 2.6661000
 5906219;  15956.0;62857.00000;  79.6876; 2.6703000
 5910760;  15927.0;62965.00000;  79.7096; 2.6744000
 5915302;  15898.0;63073.00000;  79.7180; 2.6789000
 5919844;  15868.0;63180.00000;  79.7382; 2.6828000
 5924392;  15839.0;63288.00000;  79.7441; 2.6867000
 5928962;  15810.0;63395.00000;  79.7637; 2.6909000
 5933531;  15780.0;63494.00000;  79.7748; 2.6950000
 5938101;  15751.0;63601.00000;  79.7993; 2.6993000
 5942670;  15722.0;63707.00000;  79.8244; 2.7034000
 5947240;  15692.0;63821.00000;  79.8438; 2.7072000
 5951809;  15663.0;63927.00000;  79.8672; 2.7107000
 5956378;  15634.0;64033.00000;  79.8947; 2.7142000
 5960948;  15605.0;64139.00000;  79.9194; 2.7182000
 5965518;  15575.0;64245.00000;  79.9203; 2.7220000
 5970090;  15546.0;64350.00000;  79.9681; 2.7256000
 5974662;  15517.0;64463.00000;  79.9869; 2.7295000
 5979233;  15488.0;64568.00000;  79.9999; 2.7333000
 5983805;  15459.0;64673.00000;  80.0215; 2.7362000
 5988377;  15430.0;64785.00000;  80.0395; 2.7404000
 5992949;  15400.0;64889.00000;  80.0490; 2.7445000
 5997520;  15371.0;64994.00000;  80.0607; 2.7482000
 6002092;  15342.0;65105.00000;  80.0825; 2.7525000
 6012028;  15279.0;65335.00000;  80.1327; 2.7612000
 6016639;  15250.0;65439.00000;  80.1579; 2.7650000
 6021250;  15221.0;65549.00000;  80.1753; 2.7688000
 6025861;  15191.0;65660.00000;  80.1831; 2.7727000
 6030472;  15162.0;65763.00000;  80.1892; 2.7763000
 6035083;  15133.0;65873.00000;  80.2190; 2.7805000
 6039694;  15104.0;65983.00000;  80.2349; 2.7850000
 6044306;  15075.0;66092.00000;  80.2608; 2.7889000
 6048917;  15046.0;66195.00000;  80.3085; 2.7926000
 6053507;  15017.0;66304.00000;  80.3235; 2.7965000
 6058035;  14988.0;66413.00000;  80.3450; 2.7999000
 6062562;  14959.0;66522.00000;  80.3772; 2.8029000
 6067090;  14931.0;66631.00000;  80.4010; 2.8067000
 6071618;  14902.0;66739.00000;  80.4148; 2.8103000
 6076145;  14874.0;66847.00000;  80.4341; 2.8137000
 6080673;  14845.0;66962.00000;  80.4681; 2.8176000
 6085200;  14817.0;67070.00000;  80.4920; 2.8215000
 6089728;  14789.0;67178.00000;  80.4841; 2.8249000
 6099514;  14727.0;67414.00000;  80.5447; 2.8334000
 6104069;  14699.0;67521.00000;  80.5704; 2.8376000
 6108625;  14670.0;67628.00000;  80.5935; 2.8413000
 6113181;  14642.0;67741.00000;  80.6106; 2.8449000
 6117736;  14613.0;67848.00000;  80.6227; 2.8485000
 6122292;  14585.0;67954.00000;  80.6384; 2.8521000
 6126847;  14556.0;68067.00000;  80.6599; 2.8565000
 6131403;  14528.0;68180.00000;  80.6765; 2.8605000
 6135958;  14499.0;68286.00000;  80.6867; 2.8643000
 6140517;  14471.0;68391.00000;  80.6918; 2.8682000
 6145087;  14443.0;68503.00000;  80.7119; 2.8725000
 6149656;  14414.0;68615.00000;  80.7373; 2.8770000
 6154226;  14386.0;68720.00000;  80.7662; 2.8810000
 6158795;  14357.0;68824.00000;  80.7895; 2.8849000
 6163365;  14329.0;68943.00000;  80.8086; 2.8887000
 6167934;  14301.0;69054.00000;  80.8342; 2.8921000
 6172503;  14272.0;69158.00000;  80.8560; 2.8956000
 6177073;  14244.0;69275.00000;  80.8830; 2.8996000
 6181643;  14216.0;69386.00000;  80.9160; 2.9034000
 6186215;  14187.0;69496.00000;  80.9367; 2.9068000
 6190787;  14159.0;69606.00000;  80.9663; 2.9105000
 6195358;  14131.0;69716.00000;  80.9872; 2.9139000
 6199930;  14103.0;69826.00000;  80.9975; 2.9176000
 6204502;  14074.0;69942.00000;  81.0170; 2.9213000
 6209074;  14046.0;70044.00000;  81.0191; 2.9252000
 6213645;  14018.0;70153.00000;  81.0216; 2.9293000
 6218217;  13990.0;70269.00000;  81.0317; 2.9339000
 6228028;  13929.0;70506.00000;  81.0643; 2.9435000
 6232639;  13901.0;70614.00000;  81.0807; 2.9478000
 6237250;  13873.0;70722.00000;  81.0960; 2.9520000
 6241861;  13844.0;70836.00000;  81.1068; 2.9564000
 6246472;  13816.0;70944.00000;  81.1216; 2.9604000
 6251083;  13788.0;71058.00000;  81.1510; 2.9645000
 6255694;  13759.0;71171.00000;  81.1800; 2.9689000
 6260306;  13731.0;71285.00000;  81.2127; 2.9726000
 6264917;  13703.0;71391.00000;  81.2283; 2.9761000
 6269507;  13675.0;71498.00000;  81.2524; 2.9796000
 6274035;  13647.0;71617.00000;  81.2687; 2.9835000
 6278562;  13620.0;71730.00000;  81.2882; 2.9871000
 6283090;  13592.0;71835.00000;  81.2979; 2.9906000
 6287618;  13564.0;71947.00000;  81.3005; 2.9949000
 6292145;  13537.0;72059.00000;  81.3158; 2.9991000
 6296673;  13509.0;72171.00000;  81.3421; 3.0035000
 6303464;  13468.0;72335.00000;  81.3640; 3.0098000
 6315521;  13394.0;72632.00000;  81.3962; 3.0204000
 6320104;  13367.0;72746.00000;  81.4408; 3.0245000
 6324688;  13339.0;72860.00000;  81.4730; 3.0287000
 6329271;  13311.0;72974.00000;  81.4949; 3.0325000
 6333854;  13283.0;73088.00000;  81.5044; 3.0356000
 6338438;  13255.0;73201.00000;  81.5211; 3.0392000
 6343021;  13228.0;73315.00000;  81.5380; 3.0432000
 6347604;  13200.0;73417.00000;  81.5559; 3.0476000
 6352188;  13172.0;73530.00000;  81.5763; 3.0518000
 6356767;  13145.0;73654.00000;  81.6025; 3.0559000
 6361337;  13117.0;73756.00000;  81.6243; 3.0594000
 6365906;  13089.0;73868.00000;  81.6338; 3.0633000
 6370476;  13062.0;73981.00000;  81.6424; 3.0674000
 6375045;  13034.0;74104.00000;  81.6713; 3.0714000
 6379615;  13007.0;74217.00000;  81.6860; 3.0755000
 6384184;  12979.0;74329.00000;  81.7114; 3.0795000
 6388753;  12952.0;74441.00000;  81.7402; 3.0835000
 6393323;  12924.0;74553.00000;  81.7618; 3.0876000
 6397889;  12897.0;74664.00000;  81.7700; 3.0911000
 6402446;  12870.0;74787.00000;  81.7747; 3.0947000
 6407003;  12842.0;74898.00000;  81.7854; 3.0988000
 6411560;  12815.0;75009.00000;  81.8039; 3.1032000
 6416118;  12788.0;75132.00000;  81.8305; 3.1080000
 6420675;  12760.0;75243.00000;  81.8388; 3.1122000
 6425232;  12733.0;75365.00000;  81.8689; 3.1159000
 6429789;  12706.0;75475.00000;  81.8826; 3.1199000
 6434346;  12679.0;75597.00000;  81.9053; 3.1238000
 6444149;  12620.0;75828.00000;  81.9421; 3.1324000
 6448747;  12593.0;75949.00000;  81.9679; 3.1365000
 6453344;  12565.0;76059.00000;  82.0302; 3.1405000
 6457941;  12538.0;76169.00000;  82.0807; 3.1442000
 6462538;  12510.0;76290.00000;  82.1138; 3.1473000
 6467135;  12483.0;76399.00000;  82.1411; 3.1492000
 6471733;  12456.0;76509.00000;  82.1597; 3.1519000
 6476330;  12428.0;76618.00000;  82.1780; 3.1558000
 6480927;  12401.0;76738.00000;  82.2049; 3.1595000
 6485511;  12374.0;76858.00000;  82.2176; 3.1632000
 6490053;  12347.0;76966.00000;  82.2300; 3.1668000
 6494595;  12320.0;77086.00000;  82.2217; 3.1710000
 6499138;  12293.0;77194.00000;  82.2440; 3.1755000
 6503680;  12266.0;77314.00000;  82.2587; 3.1802000
 6508222;  12239.0;77422.00000;  82.2906; 3.1848000
 6512765;  12212.0;77530.00000;  82.3272; 3.1887000
 6517307;  12185.0;77649.00000;  82.3564; 3.1925000
 6521849;  12159.0;77767.00000;  82.3810; 3.1953000
 6531521;  12101.0;78015.00000;  82.4190; 3.2026000
 6536104;  12074.0;78133.00000;  82.4181; 3.2067000
 6540688;  12047.0;78240.00000;  82.4188; 3.2110000
 6545271;  12020.0;78358.00000;  82.4313; 3.2158000
 6549854;  11993.0;78475.00000;  82.4263; 3.2208000
 6554438;  11966.0;78593.00000;  82.4505; 3.2253000
 6559021;  11940.0;78710.00000;  82.4753; 3.2299000
 6563604;  11913.0;78838.00000;  82.4873; 3.2342000
 6568188;  11886.0;78955.00000;  82.4930; 3.2378000
 6572767;  11859.0;79071.00000;  82.5033; 3.2420000
 6577337;  11832.0;79188.00000;  82.5065; 3.2469000
 6581906;  11805.0;79304.00000;  82.5074; 3.2516000
 6586476;  11778.0;79421.00000;  82.5284; 3.2564000
 6591045;  11752.0;79537.00000;  82.5540; 3.2610000
 6595615;  11725.0;79653.00000;  82.5745; 3.2654000
 6600184;  11698.0;79769.00000;  82.5918; 3.2693000
 6604753;  11672.0;79884.00000;  82.5928; 3.2730000
 6609323;  11645.0;80010.00000;  82.6360; 3.2772000
 6613893;  11618.0;80126.00000;  82.6602; 3.2814000
 6618465;  11592.0;80241.00000;  82.6871; 3.2851000
 6623037;  11565.0;80366.00000;  82.7114; 3.2887000
 6627608;  11538.0;80471.00000;  82.7358; 3.2923000
 6632180;  11512.0;80596.00000;  82.7601; 3.2960000
 6636752;  11485.0;80710.00000;  82.7780; 3.2998000
 6641324;  11458.0;80825.00000;  82.7878; 3.3035000
 6645895;  11432.0;80949.00000;  82.8004; 3.3076000
 6650467;  11405.0;81074.00000;  82.8178; 3.3118000
 6660149;  11349.0;81322.00000;  82.8705; 3.3207000
 6664747;  11323.0;81436.00000;  82.9028; 3.3246000
 6669344;  11296.0;81560.00000;  82.9241; 3.3285000
 6673941;  11269.0;81673.00000;  82.9457; 3.3320000
 6678538;  11243.0;81796.00000;  82.9772; 3.3357000
 6683135;  11216.0;81909.00000;  82.9927; 3.3396000
 6687733;  11190.0;82032.00000;  83.0105; 3.3432000
 6692330;  11163.0;82145.00000;  83.0333; 3.3472000
 6696927;  11136.0;82257.00000;  83.0475; 3.3514000
 6701511;  11110.0;82390.00000;  83.0726; 3.3555000
 6706053;  11084.0;82502.00000;  83.1063; 3.3590000
 6710595;  11058.0;82624.00000;  83.1342; 3.3629000
 6715138;  11031.0;82736.00000;  83.1827; 3.3665000
 6719680;  11005.0;82858.00000;  83.1922; 3.3698000
 6724222;  10979.0;82980.00000;  83.1986; 3.3728000
 6728765;  10953.0;83101.00000;  83.2175; 3.3764000
 6733307;  10927.0;83212.00000;  83.2313; 3.3810000
 6737849;  10901.0;83323.00000;  83.2601; 3.3855000
 6747639;  10845.0;83585.00000;  83.3370; 3.3932000
 6752194;  10818.0;83706.00000;  83.3483; 3.3965000
 6756750;  10792.0;83826.00000;  83.3623; 3.4000000
 6761306;  10766.0;83946.00000;  83.3775; 3.4041000
 6765861;  10740.0;84066.00000;  83.3866; 3.4084000
 6770417;  10714.0;84186.00000;  83.3792; 3.4127000
 6774972;  10688.0;84306.00000;  83.4238; 3.4174000
 6779528;  10662.0;84425.00000;  83.4326; 3.4221000
 6784083;  10636.0;84545.00000;  83.4510; 3.4260000
 6788646;  10610.0;84664.00000;  83.4893; 3.4299000
 6793229;  10584.0;84783.00000;  83.5094; 3.4340000
 6797812;  10558.0;84902.00000;  83.4979; 3.4374000
 6802396;  10532.0;85030.00000;  83.4891; 3.4413000
 6806979;  10505.0;85149.00000;  83.5056; 3.4465000
 6811562;  10479.0;85267.00000;  83.5417; 3.4520000
 6816146;  10453.0;85385.00000;  83.5841; 3.4567000
 6820729;  10427.0;85513.00000;  83.5903; 3.4601000
 6825312;  10401.0;85631.00000;  83.5903; 3.4630000
 6829893;  10375.0;85749.00000;  83.6290; 3.4673000
 6834465;  10349.0;85876.00000;  83.6314; 3.4721000
 6839037;  10323.0;85993.00000;  83.6715; 3.4758000
 6843608;  10297.0;86110.00000;  83.7019; 3.4800000
 6848180;  10272.0;86227.00000;  83.7082; 3.4836000
 6852752;  10246.0;86344.00000;  83.7093; 3.4870000
 6857324;  10220.0;86470.00000;  83.7212; 3.4915000
 6861895;  10194.0;86596.00000;  83.7447; 3.4962000
 6866467;  10168.0;86713.00000;  83.7704; 3.5006000
 6876271;  10113.0;86974.00000;  83.8313; 3.5086000
 6880854;  10087.0;87099.00000;  83.8545; 3.5122000
 6885438;  10061.0;87224.00000;  83.8706; 3.5159000
 6890021;  10035.0;87339.00000;  83.9045; 3.5198000
 6894604;  10009.0;87464.00000;  83.9238; 3.5240000
 6899188;   9984.0;87579.00000;  83.9400; 3.5274000
 6903771;   9958.0;87704.00000;  83.9644; 3.5314000
 6908354;   9932.0;87837.00000;  83.9929; 3.5354000
 6912938;   9906.0;87952.00000;  84.0109; 3.5389000
 6917514;   9881.0;88066.00000;  84.0186; 3.5429000
 6922071;   9855.0;88199.00000;  84.0353; 3.5472000
 6926628;   9829.0;88323.00000;  84.0668; 3.5513000
 6931185;   9804.0;88446.00000;  84.0928; 3.5554000
 6935743;   9778.0;88579.00000;  84.0954; 3.5592000
 6940300;   9753.0;88692.00000;  84.1046; 3.5627000
 6944857;   9727.0;88824.00000;  84.0959; 3.5676000
 6949414;   9702.0;88947.00000;  84.1373; 3.5724000
 6953971;   9676.0;89069.00000;  84.1592; 3.5773000
 6963767;   9622.0;89332.00000;  84.1684; 3.5856000
 6968337;   9596.0;89463.00000;  84.2071; 3.5901000
 6972906;   9571.0;89584.00000;  84.2504; 3.5946000
 6977476;   9545.0;89706.00000;  84.2856; 3.5984000
 6982045;   9520.0;89836.00000;  84.2977; 3.6014000
 6986615;   9494.0;89957.00000;  84.2941; 3.6044000
 6991184;   9469.0;90087.00000;  84.3109; 3.6085000
 6995753;   9443.0;90208.00000;  84.2935; 3.6135000
 7000323;   9418.0;90328.00000;  84.3089; 3.6184000
 7004892;   9393.0;90457.00000;  84.3096; 3.6237000
 7009462;   9367.0;90577.00000;  84.3156; 3.6289000
 7014031;   9342.0;90697.00000;  84.3440; 3.6336000
 7018601;   9317.0;90817.00000;  84.3717; 3.6386000
 7023170;   9291.0;90946.00000;  84.3973; 3.6427000
 7027740;   9266.0;91065.00000;  84.4164; 3.6460000
 7032309;   9241.0;91193.00000;  84.4431; 3.6496000
 7036878;   9215.0;91312.00000;  84.4791; 3.6536000
 7041448;   9190.0;91440.00000;  84.5051; 3.6573000
 7046018;   9165.0;91568.00000;  84.5240; 3.6606000
 7050590;   9140.0;91686.00000;  84.5390; 3.6639000
 7055162;   9114.0;91813.00000;  84.5561; 3.6681000
 7059733;   9089.0;91931.00000;  84.5763; 3.6724000
 7064305;   9064.0;92058.00000;  84.6000; 3.6765000
 7068877;   9039.0;92185.00000;  84.6293; 3.6805000
 7073449;   9014.0;92311.00000;  84.6487; 3.6841000
 7078020;   8988.0;92437.00000;  84.6649; 3.6879000
 7082592;   8963.0;92572.00000;  84.6858; 3.6918000
 7092396;   8909.0;92841.00000;  84.7308; 3.7006000
 7096979;   8884.0;92967.00000;  84.7388; 3.7049000
 7101562;   8859.0;93092.00000;  84.7596; 3.7091000
 7106146;   8834.0;93226.00000;  84.7836; 3.7135000
 7110729;   8809.0;93342.00000;  84.8032; 3.7179000
 7115312;   8784.0;93466.00000;  84.8198; 3.7220000
 7119896;   8758.0;93591.00000;  84.8427; 3.7265000
 7124479;   8733.0;93715.00000;  84.8522; 3.7307000
 7129062;   8708.0;93839.00000;  84.8770; 3.7349000
 7133643;   8683.0;93971.00000;  84.9031; 3.7393000
 7138215;   8658.0;94104.00000;  84.9347; 3.7434000
 7142787;   8633.0;94218.00000;  84.9549; 3.7473000
 7147358;   8608.0;94350.00000;  84.9678; 3.7514000
 7151930;   8583.0;94482.00000;  84.9943; 3.7554000
 7156502;   8558.0;94604.00000;  85.0251; 3.7595000
 7161074;   8533.0;94727.00000;  85.0375; 3.7638000
 7165645;   8508.0;94849.00000;  85.0458; 3.7679000
 7170217;   8484.0;94980.00000;  85.0848; 3.7719000
 7180028;   8430.0;95250.00000;  85.1065; 3.7810000
 7184639;   8405.0;95371.00000;  85.1266; 3.7853000
 7189250;   8380.0;95501.00000;  85.1462; 3.7901000
 7193861;   8355.0;95631.00000;  85.1694; 3.7945000
 7198472;   8330.0;95761.00000;  85.2024; 3.7987000
 7203083;   8305.0;95890.00000;  85.2214; 3.8028000
 7207694;   8280.0;96010.00000;  85.2371; 3.8067000
 7212306;   8255.0;96139.00000;  85.2600; 3.8109000
 7216917;   8230.0;96268.00000;  85.2842; 3.8153000
 7221517;   8205.0;96405.00000;  85.3136; 3.8195000
 7226087;   8180.0;96533.00000;  85.3439; 3.8234000
 7230656;   8156.0;96661.00000;  85.3585; 3.8272000
 7235226;   8131.0;96789.00000;  85.3715; 3.8312000
 7239795;   8106.0;96916.00000;  85.3897; 3.8354000
 7244365;   8081.0;97044.00000;  85.4125; 3.8400000
 7248934;   8057.0;97171.00000;  85.4444; 3.8444000
 7253503;   8032.0;97298.00000;  85.4575; 3.8486000
 7258073;   8008.0;97425.00000;  85.4674; 3.8525000
 7262647;   7983.0;97551.00000;  85.4895; 3.8566000
 7267233;   7958.0;97677.00000;  85.5138; 3.8614000
 7271820;   7933.0;97812.00000;  85.5292; 3.8659000
 7276406;   7909.0;97946.00000;  85.5441; 3.8697000
 7280993;   7884.0;98072.00000;  85.5664; 3.8739000
 7285579;   7859.0;98205.00000;  85.5878; 3.8787000
 7290165;   7835.0;98339.00000;  85.5640; 3.8830000
 7294752;   7810.0;98464.00000;  85.5990; 3.8871000
 7299338;   7786.0;98597.00000;  85.6486; 3.8922000
 7309514;   7731.0;98871.00000;  85.7002; 3.9014000
 7314069;   7707.0;99003.00000;  85.6874; 3.9050000
 7318625;   7682.0;99135.00000;  85.6891; 3.9091000
 7323181;   7658.0;99267.00000;  85.7265; 3.9139000
 7327736;   7633.0;99398.00000;  85.7683; 3.9195000
 7332292;   7609.0;99530.00000;  85.8003; 3.9238000
 7336847;   7585.0;99653.00000;  85.8104; 3.9271000
 7341403;   7560.0;99784.00000;  85.7965; 3.9307000
 7345958;   7536.0;99914.00000;  85.8031; 3.9349000
 7350529;   7512.0;100053.00000;  85.8261; 3.9399000
 7355145;   7487.0;100183.00000;  85.8563; 3.9454000
 7359761;   7463.0;100313.00000;  85.8798; 3.9499000
 7364377;   7438.0;100443.00000;  85.9043; 3.9542000
 7368993;   7413.0;100573.00000;  85.9363; 3.9583000
 7373608;   7389.0;100702.00000;  85.9445; 3.9624000
 7378224;   7364.0;100839.00000;  85.9620; 3.9664000
 7382840;   7340.0;100968.00000;  85.9902; 3.9704000
 7387456;   7315.0;101096.00000;  86.0164; 3.9752000
 7397524;   7262.0;101385.00000;  86.0682; 3.9841000
 7402122;   7237.0;101521.00000;  86.1034; 3.9881000
 7406719;   7213.0;101648.00000;  86.1314; 3.9922000
 7411316;   7189.0;101776.00000;  86.1608; 3.9961000
 7415913;   7164.0;101911.00000;  86.1834; 4.0001000
 7420510;   7140.0;102046.00000;  86.2075; 4.0039000
 7425108;   7116.0;102181.00000;  86.2283; 4.0076000
 7429705;   7091.0;102307.00000;  86.2564; 4.0119000
 7434302;   7067.0;102441.00000;  86.2855; 4.0161000
 7438903;   7043.0;102575.00000;  86.3079; 4.0203000
 7443514;   7018.0;102709.00000;  86.3357; 4.0242000
 7448125;   6994.0;102834.00000;  86.3655; 4.0281000
 7452736;   6970.0;102968.00000;  86.3956; 4.0323000
 7457347;   6945.0;103101.00000;  86.4197; 4.0364000
 7461958;   6921.0;103233.00000;  86.4380; 4.0400000
 7466569;   6897.0;103366.00000;  86.4577; 4.0439000
 7471181;   6872.0;103506.00000;  86.4772; 4.0483000
 7475792;   6848.0;103645.00000;  86.5002; 4.0525000
 7480400;   6824.0;103769.00000;  86.5038; 4.0567000
 7485002;   6800.0;103901.00000;  86.5426; 4.0611000
 7489603;   6776.0;104032.00000;  86.5646; 4.0659000
 7494204;   6751.0;104171.00000;  86.5808; 4.0705000
 7498805;   6727.0;104294.00000;  86.6079; 4.0740000
 7503406;   6703.0;104432.00000;  86.5987; 4.0783000
 7508007;   6679.0;104562.00000;  86.6089; 4.0828000
 7512609;   6655.0;104700.00000;  86.6260; 4.0872000
 7517210;   6631.0;104829.00000;  86.6447; 4.0927000
 7527031;   6579.0;105111.00000;  86.7031; 4.1026000
 7531656;   6555.0;105247.00000;  86.7399; 4.1067000
 7536281;   6531.0;105376.00000;  86.7624; 4.1106000
 7540906;   6507.0;105520.00000;  86.7890; 4.1145000
 7545531;   6483.0;105648.00000;  86.8309; 4.1182000
 7550156;   6458.0;105783.00000;  86.8581; 4.1224000
 7554781;   6434.0;105911.00000;  86.8854; 4.1264000
 7559406;   6410.0;106046.00000;  86.9157; 4.1298000
 7564031;   6386.0;106181.00000;  86.9366; 4.1338000
 7568650;   6362.0;106315.00000;  86.9594; 4.1376000
 7573252;   6338.0;106457.00000;  86.9903; 4.1416000
 7577853;   6314.0;106591.00000;  87.0216; 4.1458000
 7582454;   6290.0;106725.00000;  87.0443; 4.1498000
 7587055;   6266.0;106858.00000;  87.0634; 4.1538000
 7591656;   6242.0;106992.00000;  87.0824; 4.1578000
 7596257;   6218.0;107125.00000;  87.0995; 4.1620000
 7600859;   6194.0;107265.00000;  87.1288; 4.1665000
 7605460;   6170.0;107397.00000;  87.1502; 4.1708000
 7615524;   6118.0;107683.00000;  87.1810; 4.1800000
 7620122;   6094.0;107822.00000;  87.1942; 4.1845000
 7624719;   6071.0;107953.00000;  87.2147; 4.1889000
 7629316;   6047.0;108092.00000;  87.2395; 4.1936000
 7633913;   6023.0;108230.00000;  87.2688; 4.1983000
 7638510;   5999.0;108361.00000;  87.2872; 4.2025000
 7643108;   5975.0;108498.00000;  87.3055; 4.2066000
 7647705;   5952.0;108628.00000;  87.3142; 4.2106000
 7652302;   5928.0;108765.00000;  87.3264; 4.2151000
 7656906;   5904.0;108902.00000;  87.3511; 4.2198000
 7661531;   5880.0;109039.00000;  87.3749; 4.2246000
 7666156;   5856.0;109175.00000;  87.4043; 4.2292000
 7670781;   5832.0;109311.00000;  87.4236; 4.2334000
 7675406;   5809.0;109454.00000;  87.4579; 4.2374000
 7680031;   5785.0;109589.00000;  87.4802; 4.2414000
 7684656;   5761.0;109731.00000;  87.5109; 4.2456000
 7689281;   5737.0;109859.00000;  87.5389; 4.2496000
 7693906;   5713.0;109994.00000;  87.5522; 4.2538000
 7698529;   5690.0;110135.00000;  87.5732; 4.2578000
 7703145;   5666.0;110269.00000;  87.5883; 4.2618000
 7707761;   5642.0;110403.00000;  87.5980; 4.2664000
 7712377;   5618.0;110536.00000;  87.6107; 4.2711000
 7716993;   5595.0;110677.00000;  87.6299; 4.2757000
 7721608;   5571.0;110803.00000;  87.6545; 4.2806000
 7726224;   5547.0;110942.00000;  87.6862; 4.2853000
 7730840;   5524.0;111082.00000;  87.7162; 4.2896000
 7735456;   5500.0;111221.00000;  87.7202; 4.2934000
 7745524;   5449.0;111512.00000;  87.7609; 4.3026000
 7750122;   5425.0;111643.00000;  87.7750; 4.3075000
 7754719;   5402.0;111781.00000;  87.8151; 4.3120000
 7759316;   5378.0;111919.00000;  87.8390; 4.3165000
 7763913;   5355.0;112057.00000;  87.8627; 4.3203000
 7768510;   5331.0;112194.00000;  87.8908; 4.3241000
 7773108;   5308.0;112337.00000;  87.9109; 4.3283000
 7777705;   5284.0;112474.00000;  87.9352; 4.3324000
 7782302;   5261.0;112610.00000;  87.9598; 4.3364000
 7786900;   5237.0;112746.00000;  87.9822; 4.3410000
 7791502;   5214.0;112882.00000;  88.0096; 4.3451000
 7796103;   5191.0;113024.00000;  88.0332; 4.3492000
 7800704;   5167.0;113159.00000;  88.0531; 4.3534000
 7805305;   5144.0;113287.00000;  88.0624; 4.3573000
 7809906;   5120.0;113422.00000;  88.1003; 4.3620000
 7814507;   5097.0;113563.00000;  88.1155; 4.3666000
 7819109;   5074.0;113697.00000;  88.1320; 4.3705000
 7823710;   5050.0;113837.00000;  88.1452; 4.3746000
 7833663;   5000.0;114124.00000;  88.1853; 4.3846000
 7838316;   4976.0;114264.00000;  88.2044; 4.3894000
 7842969;   4953.0;114403.00000;  88.2300; 4.3937000
 7847622;   4929.0;114542.00000;  88.2565; 4.3983000
 7852274;   4906.0;114680.00000;  88.2760; 4.4025000
 7856927;   4882.0;114819.00000;  88.2905; 4.4067000
 7861580;   4859.0;114957.00000;  88.3082; 4.4110000
 7866233;   4835.0;115095.00000;  88.3259; 4.4157000
 7870885;   4812.0;115232.00000;  88.3587; 4.4203000
 7875524;   4788.0;115369.00000;  88.3732; 4.4250000
 7880122;   4765.0;115500.00000;  88.4009; 4.4289000
 7884719;   4742.0;115643.00000;  88.4387; 4.4333000
 7889316;   4719.0;115779.00000;  88.4508; 4.4372000
 7893913;   4695.0;115915.00000;  88.4684; 4.4410000
 7898510;   4672.0;116051.00000;  88.4802; 4.4455000
 7903108;   4649.0;116193.00000;  88.4976; 4.4501000
 7907705;   4626.0;116328.00000;  88.5204; 4.4547000
 7912302;   4603.0;116469.00000;  88.5426; 4.4594000
 7916904;   4580.0;116610.00000;  88.5582; 4.4636000
 7921520;   4557.0;116744.00000;  88.5643; 4.4679000
 7926136;   4533.0;116885.00000;  88.5831; 4.4728000
 7930752;   4510.0;117019.00000;  88.6058; 4.4778000
 7935368;   4487.0;117165.00000;  88.6174; 4.4825000
 7939983;   4464.0;117304.00000;  88.6571; 4.4865000
 7944599;   4441.0;117443.00000;  88.6687; 4.4913000
 7949215;   4418.0;117576.00000;  88.6912; 4.4951000
 7953831;   4395.0;117721.00000;  88.7129; 4.4997000
 7963785;   4345.0;118016.00000;  88.7640; 4.5091000
 7968424;   4322.0;118159.00000;  88.7913; 4.5132000
 7973062;   4298.0;118303.00000;  88.8016; 4.5176000
 7977701;   4275.0;118446.00000;  88.8211; 4.5217000
 7982340;   4252.0;118583.00000;  88.8509; 4.5265000
 7986979;   4229.0;118719.00000;  88.8736; 4.5312000
 7991618;   4206.0;118861.00000;  88.8953; 4.5352000
 7996257;   4183.0;119003.00000;  88.9132; 4.5393000
 8000896;   4160.0;119145.00000;  88.9336; 4.5436000
 8005522;   4137.0;119286.00000;  88.9503; 4.5482000
 8010108;   4114.0;119433.00000;  88.9779; 4.5526000
 8014695;   4091.0;119568.00000;  89.0016; 4.5570000
 8019281;   4068.0;119708.00000;  89.0133; 4.5615000
 8023868;   4045.0;119854.00000;  89.0383; 4.5656000
 8028454;   4023.0;119988.00000;  89.0647; 4.5701000
 8033040;   4000.0;120127.00000;  89.0887; 4.5746000
 8037627;   3977.0;120260.00000;  89.1101; 4.5786000
 8042213;   3954.0;120411.00000;  89.1365; 4.5830000
 8052160;   3905.0;120712.00000;  89.1966; 4.5918000
 8056799;   3882.0;120849.00000;  89.2261; 4.5959000
 8061438;   3859.0;120993.00000;  89.2510; 4.6000000
 8066076;   3836.0;121136.00000;  89.2727; 4.6038000
 8070715;   3813.0;121279.00000;  89.3045; 4.6080000
 8075354;   3790.0;121421.00000;  89.3224; 4.6124000
 8079993;   3767.0;121557.00000;  89.3501; 4.6163000
 8084632;   3744.0;121705.00000;  89.3626; 4.6210000
 8089271;   3721.0;121846.00000;  89.3895; 4.6249000
 8093910;   3698.0;121987.00000;  89.4075; 4.6298000
 8098549;   3675.0;122134.00000;  89.4412; 4.6340000
 8103188;   3653.0;122275.00000;  89.4690; 4.6382000
 8107826;   3630.0;122409.00000;  89.4921; 4.6422000
 8112465;   3607.0;122554.00000;  89.5177; 4.6464000
 8117104;   3584.0;122700.00000;  89.5431; 4.6504000
 8121743;   3561.0;122839.00000;  89.5622; 4.6546000
 8126382;   3538.0;122983.00000;  89.5812; 4.6590000
 8131021;   3515.0;123122.00000;  89.6121; 4.6635000
 8135658;   3493.0;123272.00000;  89.6342; 4.6679000
 8140288;   3470.0;123409.00000;  89.6586; 4.6716000
 8144919;   3447.0;123553.00000;  89.6557; 4.6762000
 8149549;   3424.0;123701.00000;  89.6975; 4.6807000
 8154180;   3402.0;123844.00000;  89.7201; 4.6858000
 8158811;   3379.0;123986.00000;  89.7443; 4.6894000
 8163441;   3356.0;124128.00000;  89.7729; 4.6938000
 8168072;   3334.0;124275.00000;  89.8027; 4.6979000
 8172702;   3311.0;124422.00000;  89.8259; 4.7018000
 8182531;   3263.0;124726.00000;  89.8721; 4.7107000
 8187156;   3240.0;124871.00000;  89.9012; 4.7151000
 8191781;   3217.0;125006.00000;  89.9144; 4.7196000
 8196406;   3195.0;125151.00000;  89.9302; 4.7238000
 8201031;   3172.0;125295.00000;  89.9418; 4.7284000
 8205656;   3150.0;125440.00000;  89.9504; 4.7331000
 8210281;   3127.0;125578.00000;  89.9707; 4.7382000
 8214906;   3104.0;125722.00000;  89.9822; 4.7434000
 8219531;   3082.0;125859.00000;  90.0065; 4.7478000
 8224157;   3059.0;126008.00000;  90.0229; 4.7527000
 8228788;   3037.0;126150.00000;  90.0414; 4.7568000
 8233419;   3014.0;126293.00000;  90.0591; 4.7616000
 8238049;   2992.0;126435.00000;  90.0754; 4.7662000
 8242680;   2969.0;126582.00000;  90.0959; 4.7709000
 8247311;   2947.0;126728.00000;  90.1250; 4.7753000
 8251941;   2924.0;126874.00000;  90.1510; 4.7797000
 8256572;   2902.0;127020.00000;  90.1672; 4.7837000
 8261201;   2879.0;127171.00000;  90.1890; 4.7881000
 8271031;   2831.0;127477.00000;  90.2262; 4.7979000
 8275656;   2809.0;127621.00000;  90.2482; 4.8025000
 8280281;   2787.0;127765.00000;  90.2708; 4.8070000
 8284906;   2764.0;127909.00000;  90.2840; 4.8115000
 8289531;   2742.0;128052.00000;  90.3140; 4.8159000
 8294156;   2719.0;128201.00000;  90.3248; 4.8206000
 8298781;   2697.0;128343.00000;  90.3607; 4.8247000
 8303406;   2675.0;128491.00000;  90.3928; 4.8293000
 8308031;   2652.0;128627.00000;  90.4141; 4.8331000
 8312656;   2630.0;128769.00000;  90.4312; 4.8371000
 8317281;   2608.0;128920.00000;  90.4463; 4.8414000
 8321906;   2585.0;129061.00000;  90.4580; 4.8462000
 8326531;   2563.0;129212.00000;  90.4795; 4.8511000
 8331156;   2541.0;129362.00000;  90.5174; 4.8556000
 8335781;   2518.0;129507.00000;  90.5425; 4.8598000
 8340406;   2496.0;129652.00000;  90.5679; 4.8637000
 8345031;   2474.0;129796.00000;  90.5875; 4.8678000
 8349656;   2451.0;129939.00000;  90.6188; 4.8723000
 8354282;   2429.0;130088.00000;  90.6400; 4.8764000
 8358913;   2407.0;130231.00000;  90.6688; 4.8804000
 8363544;   2385.0;130379.00000;  90.6941; 4.8847000
 8368174;   2362.0;130521.00000;  90.7068; 4.8889000
 8372805;   2340.0;130668.00000;  90.7361; 4.8934000
 8377436;   2318.0;130809.00000;  90.7644; 4.8978000
 8382066;   2296.0;130961.00000;  90.7837; 4.9017000
 8386697;   2273.0;131111.00000;  90.8129; 4.9060000
 8391327;   2251.0;131252.00000;  90.8347; 4.9104000
 8401524;   2202.0;131566.00000;  90.8860; 4.9199000
 8406121;   2180.0;131706.00000;  90.9040; 4.9242000
 8410719;   2158.0;131860.00000;  90.9330; 4.9284000
 8415316;   2136.0;131998.00000;  90.9537; 4.9327000
 8419913;   2114.0;132146.00000;  90.9761; 4.9369000
 8424510;   2092.0;132289.00000;  91.0029; 4.9413000
 8429108;   2070.0;132441.00000;  91.0311; 4.9453000
 8433705;   2048.0;132588.00000;  91.0573; 4.9494000
 8438302;   2026.0;132739.00000;  91.0796; 4.9535000
 8442908;   2004.0;132885.00000;  91.1084; 4.9578000
 8447538;   1982.0;133036.00000;  91.1386; 4.9620000
 8452169;   1960.0;133181.00000;  91.1553; 4.9660000
 8456799;   1938.0;133330.00000;  91.1720; 4.9703000
 8461430;   1916.0;133480.00000;  91.2064; 4.9750000
 8466061;   1894.0;133619.00000;  91.2275; 4.9792000
 8470691;   1872.0;133768.00000;  91.2531; 4.9833000
 8475322;   1850.0;133916.00000;  91.2758; 4.9875000
 8479952;   1828.0;134063.00000;  91.3017; 4.9918000
 8489906;   1780.0;134381.00000;  91.3632; 5.0007000
 8494531;   1758.0;134528.00000;  91.3953; 5.0048000
 8499156;   1736.0;134678.00000;  91.4217; 5.0086000
 8503781;   1714.0;134824.00000;  91.4528; 5.0127000
 8508406;   1692.0;134964.00000;  91.4711; 5.0168000
 8513031;   1670.0;135119.00000;  91.5009; 5.0210000
 8517656;   1648.0;135263.00000;  91.5317; 5.0251000
 8522281;   1626.0;135412.00000;  91.5610; 5.0290000
 8526906;   1604.0;135555.00000;  91.5925; 5.0330000
 8531542;   1582.0;135703.00000;  91.6160; 5.0368000
 8536208;   1560.0;135846.00000;  91.6432; 5.0411000
 8540875;   1538.0;135997.00000;  91.6771; 5.0450000
 8545542;   1516.0;136149.00000;  91.7060; 5.0488000
 8550208;   1494.0;136295.00000;  91.7252; 5.0529000
 8554875;   1472.0;136436.00000;  91.7554; 5.0575000
 8559542;   1450.0;136586.00000;  91.7773; 5.0613000
 8564208;   1428.0;136735.00000;  91.8079; 5.0657000
 8568875;   1406.0;136889.00000;  91.8393; 5.0695000
 8573533;   1384.0;137042.00000;  91.8641; 5.0734000
 8578163;   1362.0;137190.00000;  91.8939; 5.0778000
 8582794;   1340.0;137343.00000;  91.9231; 5.0817000
 8587424;   1318.0;137490.00000;  91.9520; 5.0858000
 8592055;   1296.0;137646.00000;  91.9824; 5.0896000
 8596686;   1275.0;137797.00000;  92.0090; 5.0935000
 8601316;   1253.0;137947.00000;  92.0368; 5.0977000
 8605947;   1231.0;138097.00000;  92.0584; 5.1019000
 8610577;   1209.0;138242.00000;  92.0909; 5.1064000
 8620413;   1163.0;138567.00000;  92.1513; 5.1144000
 8625066;   1141.0;138719.00000;  92.1702; 5.1186000
 8629719;   1119.0;138876.00000;  92.1966; 5.1232000
 8634371;   1097.0;139032.00000;  92.2314; 5.1274000
 8639024;   1075.0;139179.00000;  92.2594; 5.1314000
 8643677;   1053.0;139329.00000;  92.2805; 5.1354000
 8648330;   1032.0;139488.00000;  92.3132; 5.1395000
 8652983;   1010.0;139630.00000;  92.3479; 5.1438000
 8657635;    988.0;139783.00000;  92.3696; 5.1472000
 8662290;    966.0;139937.00000;  92.3887; 5.1517000
 8666950;    944.0;140077.00000;  92.4126; 5.1567000
 8671610;    922.0;140229.00000;  92.4371; 5.1607000
 8676270;    901.0;140381.00000;  92.4564; 5.1648000
 8680930;    879.0;140537.00000;  92.4834; 5.1695000
 8685590;    857.0;140688.00000;  92.5206; 5.1747000
 8690250;    835.0;140838.00000;  92.5269; 5.1785000
 8694910;    813.0;140992.00000;  92.5427; 5.1830000
 8699570;    792.0;141142.00000;  92.5613; 5.1878000
 8709542;    745.0;141477.00000;  92.6162; 5.1970000
 8714208;    723.0;141629.00000;  92.6410; 5.2012000
 8718875;    702.0;141777.00000;  92.6621; 5.2055000
 8723542;    680.0;141928.00000;  92.6976; 5.2099000
 8728208;    658.0;142079.00000;  92.7274; 5.2136000
 8732875;    636.0;142234.00000;  92.7502; 5.2176000
 8737542;    615.0;142388.00000;  92.7753; 5.2219000
 8742208;    593.0;142541.00000;  92.7972; 5.2262000
 8746875;    571.0;142698.00000;  92.8186; 5.2307000
 8751549;    549.0;142851.00000;  92.8534; 5.2353000
 8756243;    528.0;142999.00000;  92.8788; 5.2390000
 8760938;    506.0;143150.00000;  92.9007; 5.2432000
 8765632;    484.0;143305.00000;  92.9271; 5.2476000
 8770326;    462.0;143456.00000;  92.9612; 5.2518000
 8775021;    440.0;143610.00000;  92.9847; 5.2558000
 8779715;    418.0;143760.00000;  93.0059; 5.2603000
 8784410;    397.0;143913.00000;  93.0182; 5.2648000
 8789104;    375.0;144066.00000;  93.0275; 5.2700000
 8793797;    353.0;144218.00000;  93.0433; 5.2752000
 8798487;    331.0;144370.00000;  93.0687; 5.2800000
 8803176;    310.0;144525.00000;  93.0722; 5.2845000
 8807866;    288.0;144676.00000;  93.0900; 5.2900000
 8812555;    266.0;144822.00000;  93.1282; 5.2943000
 8817244;    245.0;144976.00000;  93.1478; 5.2980000
 8821934;    223.0;145129.00000;  93.1805; 5.3022000
 8826623;    201.0;145289.00000;  93.2035; 5.3063000
 8831313;    180.0;145449.00000;  93.2325; 5.3105000
 8841545;    132.0;145782.00000;  93.3009; 5.3195000
 8846226;    111.0;145932.00000;  93.3252; 5.3234000
 8850906;     89.0;146086.00000;  93.3643; 5.3273000
 8855587;     68.0;146240.00000;  93.3815; 5.3313000
 8860267;     46.0;146396.00000;  93.4085; 5.3358000
 8864948;     24.0;146548.00000;  93.4496; 5.3403000
 8869629;      3.0;146645.00000;  93.5027; 5.3446000
