 Data from the paper: Lindel et al, 1983, The Atmosphere of Titan:
 An Analysis of the Voyager 1 Radio Occultation Measurements,
 Icarus 53, 348-363. Assumes pure N^2 atmosphere.  The units are 
 z[km], n[10^-17 cm^-3], p[mbar], T[K].
                 Ingress                  Egress
#  z       n        p       T       n        p       T
106 
   0.   1192.38  1495.26   94.0  1194.92  1497.59   93.9
   0.5  1171.26  1458.02   93.3  1172.23  1460.34   93.3
   1.   1150.16  1421.48   92.6  1151.27  1423.77   92.7
   1.5  1129.37  1385.60   91.9  1130.12  1387.87   92.0
   2.   1108.70  1350.40   91.2  1108.49  1352.68   91.4
   3.   1067.09  1282.01   89.9  1065.72  1284.34   90.2
   4.   1023.97  1216.28   88.9  1024.11  1218.73   89.0
   5.    979.00  1153.44   88.1   982.00  1155.78   88.0 
   6.    937.22  1093.37   87.1   940.30  1095.51   87.0
   8.    856.89   980.98   85.3   857.63   983.00   85.4
  10.    781.93   878.54   83.6   782.98   880.38   83.7
  12.    710.23   785.43   82.2   710.04   787.11   82.4
  14.    643.58   701.09   80.8   644.66   702.64   80.8
  16.    582.13   624.87   79.5   583.47   626.23   79.5
  18.    525.79   556.03   78.2   525.40   557.38   78.4
  20.    473.54   494.04   77.0   473.44   495.42   77.2
  22.    423.99   438.44   76.2   426.53   439.69   76.0
  24.    380.79   388.68   75.1   381.27   389.75   75.2
  26.    340.67   344.16   74.2   340.84   345.15   74.4
  28.    304.10   304.45   73.5   304.26   305.35   73.6
  30.    270.56   269.08   72.9   271.02   269.95   73.0
  32.    240.49   237.68   72.3   241.00   238.51   72.4
  34.    213.27   209.84   71.9   213.71   210.62   72.1
  36.    188.70   185.22   71.7   189.02   185.96   71.9
  38.    167.00   163.48   71.4   167.19   164.17   71.7
  40.    147.77   144.26   71.2   147.36   144.97   71.7
  42.    130.33   127.30   71.2   130.31   128.06   71.6
  44.    114.65   112.40   71.4   115.39   113.10   71.4
  46.    101.09    99.29   71.5   101.29    99.94   71.8
  48.     89.07    87.75   71.6    89.53    88.36   71.8
  50.     78.48    77.60   71.9    78.92    78.15   72.0
  52.     69.07    68.67   72.2    69.32    69.18   72.5
  54.     60.73    60.84   72.7    60.85    61.31   73.2
  56.     53.23    53.97   73.6    53.19    54.44   74.3
  58.     46.34    47.97   75.1    46.40    48.44   75.8
  60.     40.07    42.78   77.5    40.31    43.24   77.8
  62.     34.51    38.31   80.5    34.54    38.73   81.3
  64.     29.29    34.48   85.4    29.35    34.92   86.3
  66.     24.61    31.25   92.1    24.67    31.68   93.1
  68.     20.87    28.54   99.1    20.64    28.98  101.8
  70.     18.14    26.21  104.8    18.02    26.69  107.4
  72.     15.83    24.20  110.8    15.87    24.66  112.6
  74.     14.07    22.41  115.4    14.11    22.88  117.5
  76.     12.74    20.81  118.4    12.81    21.28  120.4
  78.     11.57    19.38  121.4    11.63    19.83  123.6
  80.     10.51    18.06  124.4    10.58    18.52  126.8
  82.      9.60    16.88  127.4     9.67    17.32  129.7
  84.      8.77    15.79  130.4     8.88    16.22  132.4
  86.      8.05    14.80  133.2     8.17    15.21  134.9
  88.      7.44    13.88  135.1     7.60    14.29  136.2
  90.      6.95    13.03  135.9     7.07    13.42  137.6
  92.      6.47    12.25  137.1     6.57    12.62  139.2
  94.      6.00    11.52  139.0     6.10    11.88  140.9
  96.      5.58    10.84  140.6     5.70    11.19  142.3
  98.      5.21    10.21  141.9     5.32    10.54  143.6
 100.      4.87     9.62  143.1     4.96     9.94  145.3
 102.      4.55     9.07  144.3     4.63     9.38  147.0
 104.      4.26     8.56  145.6     4.33     8.86  148.3
 106.      3.98     8.08  147.0     4.06     8.37  149.5
 108.      3.74     7.63  147.8     3.82     7.92  150.2
 110.      3.52     7.21  148.5     3.59     7.49  151.1
 112.      3.31     6.81  149.2     3.38     7.09  152.0
 114.      3.11     6.44  150.0     3.18     6.71  152.8
 116.      2.93     6.09  150.7     3.00     6.35  153.4
 118.      2.76     5.76  151.3     2.83     6.01  154.1
 120.      2.60     5.46  152.1     2.66     5.70  155.0
 122.      2.45     5.17  153.0     2.51     5.40  156.2
 124.      2.30     4.89  154.0     2.35     5.12  157.6
 126.      2.17     4.64  155.2     2.22     4.86  158.9
 128.      2.04     4.40  156.1     2.09     4.62  160.1
 130.      1.92     4.17  157.0     1.97     4.38  160.8
 132.      1.82     3.96  157.8     1.87     4.16  161.2
 134.      1.72     3.76  158.4     1.78     3.96  161.4
 136.      1.63     3.57  159.0     1.69     3.76  161.3
 138.      1.54     3.39  159.4     1.60     3.57  161.7
 140.      1.46     3.22  160.1     1.51     3.40  162.4
 142.      1.38     3.06  160.9     1.43     3.23  163.5
 144.      1.30     2.91  161.5     1.35     3.07  164.8
 146.      1.24     2.76  162.0     1.28     2.92  165.6
 148.      1.17     2.63  162.3     1.21     2.78  166.1
 150.      1.11     2.50  162.6     1.15     2.65  166.8
 152.      1.06     2.38  163.1     1.09     2.52  167.8
 154.      1.00     2.26  163.9     1.04     2.41  168.2
 156.      0.95     2.15  164.5     0.99     2.29  168.1
 158.      0.90     2.05  165.0     0.94     2.18  168.1
 160.      0.85     1.95  165.3     0.90     2.08  168.4
 162.      0.81     1.86  165.4     0.85     1.98  169.2
 164.      0.77     1.77  165.7     0.80     1.89  170.5
 166.      0.73     1.69  166.4     0.77     1.80  170.4
 168.      0.70     1.61  166.9     0.74     1.72  169.1
 170.      0.66     1.53  166.9     0.71     1.64  168.2
 172.      0.63     1.46  167.0     0.68     1.56  167.5
 174.      0.60     1.39  167.1     0.65     1.49  166.7
 176.      0.57     1.33  167.2     0.62     1.42  165.7
 178.      0.55     1.26  167.2     0.59     1.35  165.7
 180.      0.52     1.20  167.2     0.56     1.29  166.9
 182.      0.50     1.15  167.3     0.53     1.23  167.6
 184.      0.47     1.10  167.4     0.51     1.17  167.4
 186.      0.45     1.04  167.6     0.49     1.12  167.0
 188.      0.43     1.00  167.9     0.46     1.07  166.3
 190.      0.41     0.95  168.1     0.45     1.02  165.4
 192.      0.39     0.91  168.3     0.43     0.97  163.9
 194.      0.37     0.87  168.6     0.41     0.92  164.2
 196.      0.35     0.83  168.8     0.38     0.88  168.4
 198.      0.34     0.79  169.1     0.35     0.84  172.0
 200.      0.32     0.75  169.4     0.33     0.80  174.2
