  Velocity data for Jupiter's White Oval BC.  The data correspond to
  Figure 4 of Dowling and Ingersoll (1988, J. Atmos. Sci. 45, 1380-1396).
  The zero of longitude corresponds to System III on 4 March 1979.

     wlon     glat    u(m/s)    v(m/s)
     75.21   -31.01    -7.33    -2.81
     70.40   -30.31   -24.26     9.32
     71.87   -30.62   -21.47    -5.00
     72.04   -30.66   -19.68    -1.74
     77.77   -33.52    -7.18   -19.85
     77.15   -33.96     2.37   -28.00
     78.18   -33.35    -8.30   -16.82
     76.46   -35.06    32.11   -30.81
     78.14   -33.85    -1.59   -19.81
     78.76   -33.13   -27.85   -22.57
     79.20   -32.52    -6.73   -21.35
     78.89   -32.90   -22.25   -19.09
     76.59   -32.38   -29.81   -34.09
     77.25   -32.94   -16.96   -23.77
     78.44   -31.26   -13.01   -10.16
     79.17   -30.93    11.14    -6.34
     79.46   -31.55    -6.95    -8.39
     77.32   -34.44    23.42   -38.54
     72.87   -34.58    27.98   -10.06
     74.70   -35.21    38.34   -24.44
     73.71   -33.77   -31.37   -47.84
     74.10   -34.60    48.79   -50.97
     72.07   -35.10    57.05     2.48
     73.58   -34.08    19.89   -16.48
     70.31   -33.54    10.75     7.52
     70.03   -34.07    13.93    14.39
     70.45   -33.76     4.60     7.69
     70.63   -33.92    14.95     5.81
     70.34   -34.07    13.50    11.44
     70.91   -34.10    24.12     7.86
     70.77   -34.27    24.48    12.29
     71.26   -34.63    25.58    11.77
     71.79   -35.08    61.71     7.70
     71.22   -35.07    60.84    10.25
     72.10   -35.11    59.65     0.70
     72.80   -35.07    60.01   -14.48
     73.49   -34.86    50.25   -23.14
     73.66   -34.74    46.62   -25.62
     73.84   -34.17    26.40   -19.78
     70.68   -33.38   -12.49    16.13
     71.18   -33.34   -11.33    10.00
     71.96   -33.44    -3.31     2.05
     72.59   -33.46    -5.67    -6.31
     72.36   -34.80    42.04    -1.79
     72.48   -34.71    27.99    -7.87
     72.63   -34.59    26.28    -8.69
     72.71   -34.72    29.00    -7.30
     72.86   -34.60    27.33    -7.59
     73.32   -34.40    22.50   -11.56
     72.86   -34.08    18.76    -9.85
     71.47   -34.67    16.02     8.95
     71.17   -35.07    59.84    11.59
     69.11   -33.94     7.79    52.06
     68.86   -34.72    38.18    41.71
     69.22   -33.05   -38.53    53.52
     69.51   -33.09  -102.51    91.81
     68.89   -33.16   -36.45    49.15
     69.31   -34.33    33.78    37.28
     76.02   -30.74   -14.10   -30.15
     77.06   -32.89   -26.59   -25.04
     76.55   -32.33   -31.41   -27.89
     76.14   -31.91   -32.97   -30.98
     75.34   -31.27   -34.36   -30.30
     74.56   -30.65   -27.99   -18.51
     70.52   -30.30   -21.55     7.48
     79.19   -30.91    12.76    -5.53
     78.36   -31.38   -11.93   -11.72
     74.96   -33.54   -21.44   -79.94
     74.14   -32.55   -70.71   -54.46
     73.06   -32.10   -70.98   -25.62
     72.53   -32.01   -75.03   -13.62
     71.68   -31.70  -118.78     9.14
     71.00   -31.80  -118.01    21.74
     70.40   -32.32   -93.99    33.39
     70.33   -31.80  -120.52    46.72
     73.14   -32.09   -69.90   -29.00
     73.44   -31.91   -88.18   -40.15
     74.05   -32.82   -44.71   -45.31
     72.59   -32.00   -71.28   -14.97
     72.03   -32.02   -72.18    -1.23
     72.87   -34.60    28.12    -7.17
     72.51   -34.74    27.76    -8.70
     67.53   -31.44   -24.58    19.97
     67.98   -30.98   -22.33    15.03
     68.86   -30.85   -30.96    12.25
     69.90   -30.21   -21.40    10.73
     67.98   -30.72   -35.83    21.48
     70.97   -35.06    51.43    14.17
     68.87   -34.41    55.88    65.82
     72.63   -33.54    -8.94    -8.80
     73.10   -33.52    -9.19   -20.04
     74.25   -33.39   -16.11   -41.14
     83.96   -30.96    -9.14     7.23
     82.50   -30.76   -18.51    14.50
     82.35   -30.36    -5.87     1.21
     66.60   -30.70   -18.80    34.26
     67.49   -31.30   -19.55    23.88
     68.52   -30.82   -32.92    25.65
     70.35   -30.13   -14.22     5.84
     71.94   -33.05    -4.84    -0.01
     74.54   -34.50    53.08   -49.35
     73.53   -35.41   115.97   -22.67
     74.15   -34.02    25.11   -22.87
     73.88   -34.45    66.89   -52.91
     73.10   -34.55    50.99   -15.21
     73.43   -34.84    61.38   -14.67
     72.13   -35.47   110.01    -8.21
     72.10   -35.12    73.69     2.78
     70.66   -36.09    99.89    12.96
     72.21   -36.70   102.39    -3.32
     74.43   -36.41    55.67   -12.77
     72.86   -33.84    22.00    -4.27
     73.18   -36.74    63.12   -11.23
     73.43   -33.59     6.28   -25.23
     72.15   -34.51    49.52    -3.97
     72.30   -33.50     4.11    -2.48
     72.66   -34.78    62.85    -0.68
     71.37   -34.93    60.91     7.84
     72.99   -33.11   -20.94    -9.05
     72.96   -32.66   -32.30    -9.46
     74.22   -35.03    86.13   -26.99
     72.65   -35.24    85.98    -4.38
     73.10   -33.87    28.51   -13.57
     71.51   -36.38    73.60    20.60
     71.40   -35.78   122.94    14.79
     73.81   -35.68   100.25   -19.17
     73.22   -36.13    87.64   -11.42
     73.24   -35.69   113.88   -24.55
     74.79   -34.63    47.77   -36.46
     74.85   -34.30    42.27   -51.00
     74.42   -35.91    57.40   -15.58
     73.74   -36.07    61.75   -16.96
     72.16   -32.90   -18.17     7.48
     71.97   -32.58   -13.46     5.69
     70.98   -33.58    10.33    17.54
     71.15   -33.40     5.61    10.27
     71.30   -33.96    15.97     6.95
     70.03   -34.19    28.10    27.17
     70.62   -34.89    68.04    22.41
     70.35   -34.84    62.92    27.87
     70.26   -35.07    83.33    28.82
     69.60   -34.98    89.91    42.24
     68.92   -34.73    74.77    56.89
     69.84   -35.47   161.24    39.54
     69.07   -35.27    98.03    55.34
     67.97   -34.38    57.57    82.35
     68.34   -34.02    32.08    81.98
     68.04   -33.60    15.25    82.45
     67.63   -33.77    13.46   103.49
     68.31   -34.84    87.33    75.31
     67.34   -33.03    -9.11    66.67
     68.45   -32.43   -52.33    74.87
     69.09   -31.68   -74.03    61.45
     70.17   -31.58   -72.45    26.84
     69.53   -31.92   -64.52    53.65
     70.02   -33.89    16.30    17.18
     70.26   -32.94   -20.04    16.81
     70.03   -32.16   -46.21    38.96
     69.21   -32.58   -30.08    47.54
     69.08   -33.68    15.66    44.86
     69.17   -33.34    -1.97    44.45
     70.54   -32.48   -29.95    26.26
     71.17   -31.47   -82.71    -0.62
     69.30   -31.74   -81.07    63.74
     71.13   -32.64   -16.80    13.04
     70.45   -33.81    15.73    19.01
     71.61   -33.47    -1.14     6.37
     71.67   -34.03    17.51    12.48
     71.61   -34.53    38.11    10.00
     72.19   -33.94    16.03     4.24
     72.23   -33.19    -4.89    -6.01
     70.51   -33.31    -3.48    21.51
     69.30   -34.37    49.50    49.83
     69.70   -33.49    -4.46    45.27
     66.70   -34.86    37.82    17.62
     67.98   -35.88    75.79    34.07
     67.48   -35.63    63.93    28.35
     67.73   -35.03    82.30    45.97
     69.10   -36.01    77.76    17.50
     69.49   -35.82    74.79    20.20
     68.58   -36.25    82.32    29.89
     68.06   -36.21    93.80    37.77
     67.41   -36.03    77.48    20.09
     67.04   -36.07    57.45    22.49
     68.21   -33.19    -1.98    76.82
     68.40   -33.02   -17.88    77.29
     69.75   -31.68   -82.80    56.02
     71.57   -31.72   -59.94     0.82
     72.09   -32.36   -17.33    -9.12
     70.63   -34.30    39.39     9.66
     70.85   -34.63    48.54    10.58
     69.54   -34.63    55.21    35.87
     68.56   -34.01    23.72    79.15
     68.74   -32.30   -45.98    78.09
     69.78   -32.69   -48.26    48.63
     71.54   -32.32   -38.25    23.64
     70.68   -31.45   -80.71    17.94
     70.35   -31.12   -72.35    32.17
     68.28   -31.53   -12.81    17.61
     67.57   -32.41   -24.98    46.06
     68.29   -31.97   -61.54    70.78
     72.10   -37.69    11.54     8.64
     72.42   -38.13    -1.28     4.41
     70.38   -38.81    -1.90    18.57
     68.87   -38.85     9.03    -5.42
     72.31   -37.48     9.68    -3.56
     71.86   -36.12    36.08    10.39
     68.35   -38.85     0.00    10.74
     67.66   -38.01    -7.14   -43.60
     67.88   -38.26    30.25    -4.28
     66.83   -37.89   -44.75   -22.95
     66.47   -37.17    94.53    14.36
     67.78   -36.89    50.66    22.09
     67.97   -37.53    59.93    34.88
     67.78   -38.91     1.80    -6.54
     67.90   -38.58    14.10     9.31
     66.43   -37.48    88.53    15.62
     69.49   -36.58   107.20    18.37
     70.48   -37.10    33.27     3.95
     69.57   -38.05    25.34    32.01
     67.01   -38.53     3.92     8.06
     67.10   -38.07     4.19    -4.06
     67.07   -37.68     9.71    13.73
     67.68   -35.42    65.71    28.17
     66.75   -34.24    29.12    41.94
     66.53   -34.56    29.63    25.95
     67.58   -34.68    53.59    64.88
     66.08   -34.12    17.80    26.16
     65.76   -35.05    33.97    17.38
     66.10   -34.81    23.66    22.55
     65.50   -35.04    31.01    14.13
     65.69   -34.76    14.50    25.43
     65.59   -35.73    55.45    15.45
     65.04   -35.78    40.53    11.13
     64.97   -35.15    47.80    -4.85
     65.50   -34.55    14.28    16.86
     66.26   -36.07    51.60    17.43
     66.73   -35.48    48.74    20.24
     67.99   -36.83    42.98     7.28
     66.41   -33.54    -0.62    40.37
     72.71   -35.08    75.20    -7.56
     71.62   -35.10    95.29    13.59
     73.31   -36.40    63.67    -2.34
     72.77   -33.55     4.67     2.96
     73.46   -37.26    60.24    -3.67
     71.97   -37.02    60.26     0.88
     73.45   -33.13   -10.10   -15.26
     72.51   -34.40    45.16    -6.07
     73.40   -34.07    26.85   -21.63
     70.16   -36.59    97.70    18.57
     68.43   -35.49    84.57    47.77
     70.86   -34.25    27.21     6.14
     70.79   -35.12    79.71    17.42
     70.22   -36.33    83.31    16.30
     68.41   -36.51    64.10    20.39
     68.64   -35.96    88.22    25.35
     71.19   -37.05    34.54     5.67
     72.73   -36.40    70.81    -0.64
     69.52   -35.46   121.56    38.33
     71.54   -35.31    86.98     9.04
     69.75   -32.27   -43.31    41.18
     69.31   -32.39   -46.79    44.07
     69.06   -33.03   -23.41    51.62
     69.88   -33.04    -9.27    47.97
     70.98   -32.03   -42.68    16.29
     70.82   -33.10    -7.13    10.22
     70.44   -33.02    -2.50    10.83
     68.97   -34.07    46.36    58.96
     69.26   -33.71    15.24    39.07
     70.61   -33.88    18.52    24.07
     76.40   -32.98   -33.77   -65.06
     76.33   -31.37   -51.01   -43.30
     76.74   -31.68   -58.80   -42.35
     76.35   -30.80   -18.76   -36.50
     76.15   -30.33   -18.09   -30.90
     78.71   -31.35   -17.71   -19.51
     77.25   -30.67    -3.15    -9.99
     76.36   -30.37    -3.05   -27.45
     77.68   -31.04   -14.57   -12.95
     78.26   -32.57   -51.16   -35.23
     78.01   -32.05   -51.10   -38.13
     77.92   -31.43   -31.21   -15.77
     78.48   -31.71   -11.36   -13.93
     78.76   -30.89    -7.08   -14.01
     78.26   -30.73    -9.00    -7.36
     77.23   -32.00   -51.75   -38.82
     77.32   -32.39   -41.59   -38.36
     77.15   -33.00   -21.81   -36.61
     77.47   -33.46    -6.89   -30.06
     75.69   -31.36   -48.36   -52.11
     74.87   -30.43   -31.51   -29.81
     76.65   -30.27    -1.55   -20.04
     79.03   -30.58     8.34    -7.33
     79.10   -34.17   -15.66    -0.94
     77.84   -34.53    -0.31   -20.82
     77.97   -34.07    -2.73   -23.80
     78.22   -33.50   -20.81   -17.59
     78.35   -33.07   -34.67   -28.60
     79.06   -32.61   -33.89    -5.90
     80.21   -32.94   -60.42   -31.66
     80.60   -32.25   -17.65     8.59
     81.77   -32.89   -40.59   -23.97
     82.19   -32.46   -45.75     6.07
     81.02   -33.32   -43.01     2.16
     80.93   -32.59   -40.56     2.92
     81.03   -31.47   -22.46    17.65
     81.33   -31.41   -51.89    -9.12
     80.06   -31.76   -32.86    -3.63
     79.60   -31.39   -15.52    -2.06
     79.95   -34.64    -7.27    -0.21
     79.87   -33.92   -22.17    -0.69
     78.79   -36.26    24.53    -3.17
     80.26   -35.97    31.65    -2.42
     79.85   -36.57    -1.55    -6.28
     79.05   -34.93    -4.90     7.54
     78.55   -34.45    -2.31   -20.13
     77.69   -34.78    14.19   -22.17
     76.80   -34.94     7.47   -16.81
     79.67   -34.39    11.68    -7.85
     79.43   -30.79    -7.77    -7.82
     80.02   -30.68    13.88   -20.37
     81.05   -30.77    -6.60   -14.17
     82.24   -30.83    12.21     4.82
     79.21   -31.79   -30.04     6.30
     77.05   -31.46   -40.00   -33.25
     83.10   -32.01   -33.72    -6.57
     80.76   -35.41    19.74     4.74
     82.03   -33.45   -51.73     2.41
     82.75   -32.74   -42.85     4.11
     83.46   -31.63   -51.52     8.91
     82.25   -31.32   -42.23     4.88
     81.94   -32.08   -33.86    -8.00
     73.47   -35.42   115.91   -22.68
     73.09   -38.93    -9.84     1.33
     71.19   -40.64     6.06    15.00
     70.88   -40.08    12.92    28.03
     72.06   -38.57    -1.91     7.26
     75.48   -39.77     3.04    17.93
     73.86   -40.50    -6.91    -8.71
     73.58   -37.88    25.10    10.43
     74.26   -37.58    22.27    10.78
     74.41   -36.45    76.04    -5.51
     75.30   -37.72    18.17    16.98
     76.34   -37.38    16.01    10.21
     77.45   -37.80    12.47    10.76
     75.96   -38.49    12.85    -2.76
     74.51   -38.96    -2.87     4.57
     72.47   -38.14    13.40     9.48
     72.84   -40.21   -16.29    15.03
     72.56   -40.78    16.45    24.30
     74.90   -38.07    16.76    11.40
     72.08   -37.72    26.68    14.45
     73.78   -37.23    35.21     3.06
     72.85   -38.58    -8.27     5.71
     74.03   -37.93    17.43     9.68
     73.54   -38.20    14.96    -1.57
     71.86   -37.85    30.25    17.12
     73.26   -37.53    31.36     6.98
     73.12   -36.74    83.65     2.96
     75.41   -35.95    75.59   -20.30
     74.93   -36.58    87.27   -19.33
     75.83   -36.17    71.46   -27.22
     76.39   -36.10    49.00    -1.98
     75.94   -37.00    32.06    -2.15
     74.96   -37.35    13.23    -0.38
     74.48   -37.39    11.69     0.09
     71.70   -40.64    11.92    11.65
     74.56   -36.91    66.29    -2.87
     75.56   -37.78    16.08     1.72
     75.42   -40.64     2.77    12.80
     75.58   -40.54     4.35    10.54
     75.53   -40.35     9.86    11.66
     75.96   -40.13    10.75    13.99
     76.91   -39.09    -2.38    -0.44
     76.71   -39.27   -17.95    12.20
     75.86   -39.73     0.87    21.39
     76.49   -39.49   -15.23    -4.06
     73.77   -40.15    -3.59     6.61
     73.78   -39.69    -3.62     8.73
     73.82   -41.25     3.83    18.89
     74.51   -41.09     5.02     4.84
     75.00   -39.80     8.64   -12.19
     75.19   -39.01    -8.46     7.79
     74.91   -38.85     2.88     5.52
     74.68   -38.35    17.24     4.47
     76.75   -38.75   -15.14    22.94
     76.87   -38.58    -3.97    14.05
     77.95   -38.24    -3.35     4.06
     77.28   -38.33     6.88     0.45
     76.24   -37.82    11.62    -9.37
     77.12   -37.52    11.96     2.22
     74.33   -39.78   -20.58    17.59
     73.29   -39.33   -54.01    -1.65
     72.50   -42.20    32.45     3.06
     72.37   -42.47    36.60     2.46
     72.02   -41.43     7.77     5.14
     71.57   -41.65    23.17    12.89
     72.55   -41.20    23.98    20.40
     72.95   -41.22    16.78    18.86
     71.87   -39.51    13.31    -4.73
     72.93   -42.48    29.02     1.02
     74.37   -39.29   -20.85    11.09
     74.75   -39.16   -28.32     8.80
     72.61   -38.92    -4.10     6.96
     71.76   -38.71    -1.61     3.51
     78.65   -37.99    -0.19    -7.95
     78.14   -37.71    -5.54     4.49
     77.61   -36.30    42.20     6.79
     78.17   -36.36    36.13    -3.40
     76.97   -35.80    50.39    -5.17
     78.68   -36.50    38.48     5.08
     76.47   -36.92    31.24     0.68
     77.87   -37.30    14.93     5.24
     78.16   -38.75    -4.50    15.56
     78.25   -39.10     5.98    17.62
     77.40   -39.60     0.05     7.79
     76.83   -39.93   -17.31    13.06
     75.26   -41.22    11.92     2.23
     74.69   -41.94    39.55   -11.09
     79.65   -37.65    13.33     2.59
     79.74   -37.50     4.82     2.94
     78.57   -38.26     0.06     6.27
     78.21   -38.35     5.01     3.74
     77.94   -39.27   -13.44    23.11
     78.86   -37.52   -25.00     6.42
     74.10   -36.94    69.96     3.87
     74.74   -36.03    71.67   -15.62
     76.62   -35.83    48.25    -8.45
     74.11   -36.22    63.60   -11.08
     71.66   -32.80    -4.90     0.00
     75.93   -33.72    26.11   -87.65
     75.40   -33.60    11.66  -104.61
     75.20   -33.19    -8.12   -84.81
     74.96   -33.35   -10.05   -82.37
     75.60   -32.69   -21.97   -65.03
     75.29   -32.97   -24.61   -86.37
     75.38   -33.97    41.32  -104.03
     75.09   -32.63   -32.14   -87.09
     74.33   -32.63   -32.41   -61.36



