  Velocity data for Jupiter's Great Red Spot.  The data correspond to
  Figure 2 of Dowling and Ingersoll (1988, J. Atmos. Sci. 45, 1380-1396).
  Data have been combined from both Voyager 1 and Voyager 2.
  The zero of longitude corresponds to System III on 5 July 1979.

     wlon     glat    u(m/s)    v(m/s)
     97.92   -29.03    48.36     5.66
     99.72   -29.18    40.33     2.49
     99.37   -30.18    10.43    10.24
     99.46   -30.97    -4.81    10.07
     95.48   -29.16    52.78     3.35
     92.92   -30.34    17.65     8.42
     93.96   -30.34    23.62     6.84
     97.21   -30.31    25.11     1.88
     96.82   -31.01    -8.07     2.87
     97.61   -31.52   -29.21    11.18
     98.03   -31.87   -19.01     0.56
     96.81   -32.56   -39.64    -3.41
     96.09   -32.01   -40.59    -3.52
     97.79   -27.20    45.16     1.57
     97.02   -26.98    39.63    -0.07
     95.88   -28.14    65.08    -0.82
     90.67   -28.85    58.54    -1.77
     90.32   -27.56    34.16    -0.66
     89.15   -27.69    41.89    -0.07
     91.45   -27.52    28.50    -3.25
     92.25   -28.84    61.60    -6.24
     93.47   -29.26    61.77     3.95
     96.55   -29.42    40.88     5.59
     96.30   -29.85    33.72     6.46
     95.96   -26.50    46.70     2.11
     95.68   -26.03    46.70     0.90
     96.82   -26.11    41.99     2.64
     97.18   -25.92    42.54     5.15
     96.33   -27.06    37.21    -3.75
     97.92   -27.68    39.98     2.08
     99.18   -27.78    26.91     0.53
     98.40   -27.33    42.04     2.31
     94.74   -27.50    51.33     1.26
     94.00   -27.94    49.19    -0.35
     91.97   -26.90    30.88    -0.89
     92.60   -27.01    28.91    -3.55
     92.62   -25.99    26.07     1.08
     94.53   -25.18    27.35     1.94
     92.02   -25.37    41.54     5.65
     93.69   -25.74    44.86     2.22
     94.90   -28.68    54.50     1.12
     94.85   -28.11    51.36     4.04
     95.00   -26.02    46.03    -3.62
     95.76   -24.99    23.12     4.38
     91.45   -23.27     0.89     1.73
     92.32   -22.92    -2.16     0.26
     95.49   -21.89   -11.18     9.06
     94.28   -22.28    -5.18     2.06
     94.05   -23.24     0.87    -0.04
     88.52   -24.32     9.71    -0.64
     92.69   -23.39     1.51     0.08
     90.96   -23.11     0.91     3.72
     91.30   -22.63    -3.04    -0.91
     89.91   -24.11    14.38    -0.38
     90.18   -24.62    23.88    -0.06
     90.98   -24.08    15.33     2.81
     92.11   -24.18    12.29     3.80
     90.78   -24.87    33.44    -0.05
     91.01   -25.61    42.68     0.78
     89.84   -27.20    40.26     2.80
     92.21   -21.43   -25.55    -0.44
     91.15   -21.49   -28.46     1.11
     91.06   -21.01   -39.22     2.89
     89.57   -20.85   -41.73     0.63
     92.21   -21.88   -16.56    -0.36
     92.51   -22.48    -7.51    -1.06
     90.58   -22.56    -3.65    -1.43
     89.73   -23.08     1.35    -0.33
     90.05   -25.70    38.26    -4.91
     89.51   -26.08    36.89     2.91
     88.64   -20.86   -25.41     0.34
     93.79   -21.60   -13.90     3.71
     94.13   -21.19   -25.02     7.69
     95.03   -20.90   -18.21     8.07
     89.41   -23.60     6.86     1.07
     92.21   -23.27     4.62    -1.80
     91.56   -23.60     4.61     2.41
     92.99   -23.66     7.28     1.38
     95.95   -21.47   -14.21     7.18
     91.50   -24.91    37.68     3.07
     95.39   -18.77   -65.04    16.24
     93.97   -19.28   -57.92     7.25
     92.34   -19.08   -76.78     9.63
     95.93   -17.83   -70.72    20.06
     90.81   -19.74   -49.43     5.38
     93.79   -18.43   -71.48    16.19
     93.26   -19.56   -48.50     7.36
     92.07   -19.97   -41.06     1.22
     92.80   -20.68   -33.47     8.62
    102.06   -17.98   -77.96    38.37
    102.69   -18.09   -75.81    35.79
    102.69   -17.53   -85.11    34.45
    100.33   -17.47   -16.66     9.31
    101.47   -18.11   -79.55    44.03
     95.52   -19.54   -35.36    10.06
     95.34   -20.23   -49.44    14.19
     94.58   -20.35   -31.46    13.21
     99.78   -17.07   -66.94    38.41
     98.05   -17.59   -72.90    32.77
     96.93   -18.58   -47.09    20.03
    100.78   -17.82   -76.23    42.44
     97.81   -19.80   -37.17    24.99
     97.61   -20.27   -31.27    24.65
     96.64   -21.04   -28.56    24.00
     98.41   -21.71   -11.51    31.48
     99.72   -20.55   -34.06    42.86
     98.48   -20.94   -24.58    36.78
     99.34   -20.07   -31.34    33.28
     94.61   -18.45   -69.41    17.79
     98.73   -17.18   -71.57    36.41
     95.44   -22.46    -1.86     5.00
     93.92   -24.64    25.42     1.06
     93.86   -24.19    22.27     2.77
     96.92   -24.56     5.61     7.72
     96.60   -22.75     7.12     1.66
     97.88   -22.50    -0.43    26.53
     94.64   -23.25     3.31     0.91
     98.35   -22.61     7.43    21.19
     93.61   -23.65     7.18    -2.18
    101.69   -30.02    21.52     1.51
    103.92   -29.51    44.78     7.02
    103.49   -28.77    46.39     7.16
    102.11   -28.82    43.90     6.92
    103.20   -29.60    40.88     5.24
    103.51   -30.18    26.31     3.14
    103.44   -30.77    11.65     2.15
    100.42   -28.24    27.96     3.73
    101.55   -26.72    77.54    31.74
    103.93   -27.11    96.30    25.32
    103.47   -27.42    92.61    24.24
    104.99   -27.58    99.49    15.80
    106.21   -27.82    97.16     9.85
    102.56   -27.17    83.31    26.92
    100.81   -26.63    76.03    22.80
    100.60   -27.36    54.62    14.90
    101.15   -28.39    30.41     6.62
    100.74   -25.97    56.66    32.62
     98.19   -24.70    31.64    15.23
     98.81   -25.26    42.64    20.84
     99.55   -25.62    40.31    26.23
     98.55   -26.40    49.72     5.79
     99.86   -27.36    46.85     8.90
     98.43   -28.34    43.69     5.22
     97.53   -28.08    36.72     6.82
     98.43   -29.14    45.80    13.28
     96.34   -25.77    41.83     1.57
     97.42   -27.17    43.38     1.95
    106.06   -28.73    56.34     9.80
    108.29   -29.30    31.97     1.17
    107.65   -29.01    38.12     4.38
    110.15   -29.52    27.69     1.44
    107.53   -28.13    94.69     2.72
    109.01   -29.45    27.11     4.69
    103.36   -28.25    49.94     8.69
    105.32   -27.74   102.27    13.73
    103.93   -27.56    94.03    22.94
    104.36   -27.06    94.59    23.51
    105.33   -27.20    99.70    15.22
    106.79   -27.42    97.46     9.47
    110.00   -28.24   100.31    -4.38
    109.66   -28.95    33.41     1.44
    110.84   -29.03    36.93    -1.63
    106.76   -28.74    53.16     6.15
    110.89   -28.00   113.32    -8.54
    113.60   -27.36    96.29   -11.97
    113.10   -27.90    93.63    -8.70
    113.55   -28.13    84.14    -6.14
    115.69   -28.30    62.30    -7.61
    116.70   -28.37    49.00   -13.45
    117.08   -28.33    48.17   -12.58
    117.22   -28.91    31.76    -9.35
    113.30   -29.02    31.93    -2.13
    114.60   -28.53    57.23    -6.12
    115.21   -27.68    84.11   -18.59
    115.81   -27.81    67.55   -11.01
    117.11   -27.18    72.59   -25.21
    117.90   -27.01    74.28   -26.82
    119.42   -27.95    74.12     1.97
    117.76   -28.26    48.41    -2.61
    118.25   -27.75    54.31   -10.50
    119.92   -24.92    34.46   -22.13
    118.89   -25.35    45.24   -29.53
    118.44   -26.18    61.65   -29.04
    116.24   -26.82    79.40   -30.30
    114.75   -27.41    88.51   -17.29
    119.74   -24.20    18.68   -23.61
    119.89   -23.43     9.08   -24.68
    119.95   -23.92    14.88   -23.49
    121.19   -27.68    41.39    -3.01
    122.08   -27.15    45.88    -1.84
    121.44   -27.02    49.35    -1.69
    120.10   -27.46    49.36   -10.62
    120.83   -27.25    48.11    -3.10
    122.38   -27.75    43.15    -1.95
    121.38   -26.33    51.32    -5.67
    120.88   -26.44    52.32    -9.81
    119.11   -26.44    51.18   -22.56
    121.39   -22.74     6.36   -13.50
    121.90   -22.84     5.98   -16.88
    121.48   -23.13     6.93   -15.93
    122.40   -22.65     2.76   -11.97
    123.26   -23.17     4.22    -5.89
    123.44   -24.03     9.73    -5.11
    120.81   -24.20    13.18   -13.38
    120.12   -22.11    -3.69   -23.58
    119.70   -20.18    -9.70   -21.80
    120.06   -20.09    -9.10   -21.72
    123.74   -22.00     0.56   -17.62
    123.39   -26.33    42.63    -1.40
    122.23   -24.53    27.49    -8.49
    122.15   -23.69     7.99    -9.88
    121.90   -24.33    19.28    -6.92
    121.54   -25.17    31.31   -10.18
    120.03   -25.25    31.68   -16.97
    121.17   -21.73    -8.53   -17.50
    122.03   -21.18   -24.47   -20.11
    124.17   -25.36    28.62    -2.93
    123.50   -25.31    21.07    -6.58
    125.80   -24.55    22.21    -1.91
    124.93   -24.72    27.08    -3.80
    125.06   -25.17    18.18     3.20
    126.09   -23.97    10.00     0.25
    124.87   -24.20    15.40    -2.28
    123.35   -24.68     8.77    -1.98
    125.11   -25.87    43.39    -3.09
    125.98   -25.09    35.66    -2.53
    126.47   -25.15    34.14    -0.88
    126.67   -25.70    41.27     0.13
    127.07   -25.53    43.58     0.87
    126.93   -24.51    17.86     0.38
    126.34   -23.49     6.06    -1.42
    124.69   -23.55     5.91    -2.27
    125.69   -23.47     2.52    -0.76
    125.09   -21.84   -15.75    -6.63
    124.11   -22.84    -2.32    -5.11
    124.18   -22.26   -20.58    -3.38
    122.05   -17.44   -26.20     0.23
    123.19   -17.55   -22.63    -6.76
    124.98   -19.22   -25.35   -11.53
    121.41   -19.16   -36.73   -15.90
    123.14   -21.86   -15.69   -14.00
    125.48   -22.35   -21.42    -3.88
    123.73   -19.58   -20.42   -10.60
    124.23   -19.73   -18.98   -20.60
    124.58   -18.66   -22.25    -5.77
    125.26   -17.29    -0.42     3.03
    125.53   -16.74     1.09     4.61
    126.23   -17.18     4.09    -0.65
    126.48   -16.63     9.07    -0.65
    121.86   -20.02   -46.07   -15.20
    122.34   -20.24   -40.36   -12.39
    121.44   -20.80   -42.44   -13.15
    121.66   -16.65   -50.84     9.48
    118.49   -16.44   -25.82   -12.62
    119.68   -15.55   -24.08   -23.28
    120.38   -17.72   -25.87   -14.81
    117.88   -17.95   -30.34   -11.54
    118.26   -19.40   -55.19   -44.66
    117.27   -18.66   -65.70   -38.03
    117.39   -18.22   -72.04   -41.43
    117.55   -18.89   -57.73   -40.93
    116.16   -18.20   -70.28   -33.87
    114.99   -17.86   -78.36   -30.89
    115.20   -14.99   -46.41   -23.16
    115.43   -15.53   -44.03   -11.70
    116.24   -14.99   -15.17    -3.43
    114.19   -15.66   -74.24   -22.11
    114.47   -17.64   -81.23   -23.58
    115.68   -17.46   -77.92   -29.44
    119.03   -19.02   -27.12   -18.14
    117.00   -15.95   -35.82   -15.31
    113.66   -16.28   -71.52   -22.95
    114.85   -16.56   -64.13   -28.44
    116.16   -16.93   -48.89   -27.25
    113.34   -17.22   -77.80   -16.06
    113.98   -17.04   -52.40    -8.58
    112.99   -17.42   -76.87   -15.19
    112.91   -16.27   -79.48   -16.22
    111.90   -16.11   -80.74   -14.50
    114.75   -15.52   -69.79   -20.77
    112.65   -15.45   -80.64   -24.52
    111.63   -15.01   -62.15   -12.56
    109.34   -14.10   -51.30    -1.22
    109.73   -16.08   -85.35    -1.52
    110.97   -16.09   -83.34    -7.66
    110.40   -14.65   -54.81    -6.96
    111.13   -15.12   -58.17    -6.43
    108.05   -13.51   -37.16     0.85
    109.48   -12.98   -11.96     0.46
    109.20   -15.49   -85.21     0.76
    106.72   -15.38   -45.32     1.98
    107.82   -15.72   -89.85     5.47
    108.31   -16.31   -84.33     2.06
    107.43   -16.28   -93.21     8.87
    112.46   -16.36   -80.80   -17.46
    112.11   -16.98   -79.66   -10.32
    102.23   -16.11   -52.75    21.41
    101.60   -16.53   -55.67    22.65
    103.26   -17.00   -72.79    20.62
    104.22   -16.02   -78.26    23.76
    104.57   -16.25   -87.79    21.84
    103.81   -17.20   -69.90    21.95
    105.44   -16.55   -59.32    12.74
    105.05   -16.43   -58.30    12.95
    104.97   -14.88   -48.33    15.23
    104.74   -15.05   -52.00    15.46
    103.96   -15.28   -42.45    10.81
    104.33   -15.49   -40.83     9.61
    100.22   -18.43   -66.96    41.81
    103.28   -15.62   -50.54    15.39
    106.82   -15.77   -90.98     8.83
     98.19   -18.24   -65.54    17.51
     97.47   -19.63   -29.52    15.58
     96.50   -20.36   -32.99    17.37
     95.94   -20.63   -32.71    15.76
    104.18   -24.08    36.42    14.02
    105.73   -21.34   -10.27    -0.34
    107.42   -20.80    -8.79     1.46
    103.76   -23.69    30.54    16.76
    100.50   -21.08   -16.55    44.56
    101.03   -21.44   -21.33    50.83
    100.51   -21.63   -17.72    57.44
    105.40   -20.25   -51.77     6.90
    100.78   -23.84    42.83    70.70
    101.66   -24.55    72.76    66.14
    105.34   -24.59    23.74     1.99
    109.17   -24.68    29.64    -1.75
    107.70   -25.32    49.40     6.22
    109.03   -25.26    46.27     0.36
    108.36   -19.61   -57.96     2.44
    109.11   -19.71   -49.84     0.02
    110.76   -19.28   -68.00    -1.75
    109.06   -19.15   -87.17    -0.01
    110.43   -22.49    -0.13     0.45
    110.06   -21.26     4.46    -0.23
    110.16   -21.65     4.88     1.90
    110.77   -21.34    11.46     0.53
    111.45   -21.43     5.13     1.60
    107.72   -19.80   -48.67    -3.58
    109.57   -21.86     0.35    -0.68
    109.88   -20.73   -19.14     0.61
    107.80   -21.48     4.96     1.38
    108.77   -21.34    11.03     2.46
    108.22   -21.48     5.86     2.95
    107.25   -21.16    -4.97     0.24
    106.24   -21.47     1.00    -7.30
    106.14   -22.93     2.99    -8.31
    109.97   -23.73    36.21     1.59
    109.58   -24.00    36.49    -1.38
    111.10   -21.82    -2.07    -0.54
    112.20   -22.28     5.41    -4.55
    110.51   -17.88  -114.90    -6.37
    110.65   -18.43  -107.00    -4.43
    111.79   -18.25   -95.30    -8.43
    112.58   -19.77   -57.92   -12.90
    112.15   -19.98   -54.69    -8.84
    111.68   -20.64   -27.22    -6.42
    110.62   -20.10   -48.48    -3.50
    112.49   -21.39     7.89    -4.12
    114.18   -22.28     2.12    -4.73
    114.66   -22.50     1.90    -2.09
    112.33   -24.16     0.55     3.08
    112.60   -23.37    -1.61     2.86
    111.82   -23.46     3.80    -0.51
    111.28   -24.11    -2.65     1.62
    113.10   -22.64    -0.43     2.98
    107.70   -22.19    -5.21     5.82
    108.50   -22.18     0.16    -1.33
    107.28   -23.81    -3.67    -0.76
    108.01   -24.06     9.24    -0.90
    111.66   -24.53     6.16     0.30
    113.20   -23.86     7.41    -3.98
    114.10   -23.55     0.01     1.55
    114.36   -24.10    16.84    -6.37
    114.89   -23.30     5.50   -15.15
    106.67   -22.23     1.33     0.26
    106.28   -23.70     9.06    -0.75
    115.09   -20.10   -66.42   -41.03
    112.30   -24.67    20.59    -3.85
    112.91   -24.52    18.13    -5.14
    109.88   -25.67    61.89     0.84
    111.48   -25.52    73.66   -11.87
    112.67   -24.94    54.99   -14.57
    106.67   -24.99    42.55     5.97
    108.63   -20.45   -30.57     3.56
    107.64   -20.39   -27.11    -0.81
    105.73   -20.58   -44.69     9.10
    106.28   -14.77   -45.76     6.00
    106.02   -14.18   -44.50     9.51
    101.79   -23.15    -7.87    25.81
    113.38   -20.15   -47.08   -14.64
    113.09   -19.84   -56.97   -12.50
    115.47   -21.29   -13.30   -16.63
    113.49   -21.88   -10.29    -5.03
    115.92   -22.37    -5.90   -16.03
    114.31   -20.59   -22.79   -15.08
    111.99   -18.93   -77.49   -17.76
    113.34   -18.71   -41.58   -18.40
    115.51   -19.22   -22.78    -4.48
    116.50   -21.07   -46.16   -36.77
    119.01   -20.19   -41.26   -38.67
    118.69   -21.14   -21.71   -36.42
    118.12   -20.15   -25.74   -25.31
    116.27   -23.10    -1.94    -7.19
    117.19   -23.36     4.47   -29.25
    115.41   -21.88   -21.38   -23.55
    118.71   -22.01    -1.87   -39.86
    119.11   -21.53   -10.91   -29.97
    119.04   -23.77     6.77   -13.63
    119.22   -22.32   -11.71   -17.70
    118.09   -25.08    18.80   -19.82
    115.58   -25.57    28.15   -10.25
    116.75   -24.76    11.79    -8.38
    117.14   -24.25    17.59   -16.07
    106.34   -19.95   -59.63    11.00
    105.22   -22.42     1.93    -2.80
    104.70   -22.54     2.38    -4.80
    105.46   -19.66   -30.32     3.43
    103.63   -19.59   -66.21    16.54
    103.43   -19.10   -80.21    29.67
    106.96   -21.73    -8.55     1.18
    106.02   -25.27    49.79     6.85
    102.50   -24.75    15.06    12.95
    102.98   -21.05   -36.07    26.65
    106.40   -17.03   -70.67    11.58
    107.28   -17.01   -61.80     4.66
    104.59   -17.43   -57.84    15.49
    124.34   -17.25    -9.99     7.42
    124.63   -17.16    -8.25     6.87
    123.90   -16.48   -27.01    10.21
    124.65   -20.94   -32.14   -10.14
    122.46   -20.80   -40.99   -13.86
    123.14   -19.86   -10.20    -5.45
    122.89   -17.26   -26.64    -1.55
    122.89   -16.09   -35.13     3.03
    121.85   -15.88   -28.98     5.47
    125.88   -15.22    -5.10    12.34
    125.67   -15.77    -0.75    15.41
    124.96   -15.85    -3.07    12.62
    126.53   -15.27    -1.59     0.33
    122.00   -18.39   -15.08     6.97
    123.33   -18.88   -17.34    -5.11
    121.48   -17.82   -17.22     1.75
    119.95   -14.34    -9.43   -13.23
    119.29   -14.95   -15.30   -21.78
    120.66   -16.09   -33.99   -10.74
    120.87   -16.70   -44.97    -5.73
    120.62   -12.56    27.54     4.52
    119.09   -13.14     4.74   -15.90
    119.94   -13.66     7.75   -13.72
    117.53   -12.80    -8.98     2.82
    118.07   -13.16    -9.96    -9.30
    118.91   -12.00    15.07    -8.79
    119.50   -12.16    16.93    -5.68
    121.63   -13.95     7.70    -0.83
    121.09   -13.49    13.93     6.01
    121.23   -13.10    21.15     5.07
    122.09   -13.07    34.18    -0.97
    120.04   -16.37   -39.73   -15.65
    120.12   -17.03   -32.29    -9.15
    117.57   -14.36   -26.80   -19.99
    116.53   -13.83   -24.75    -6.45
    116.98   -14.11   -15.36    -9.52
    112.93   -12.56   -26.34   -14.32
    113.88   -14.81   -25.46   -10.80
    113.37   -14.83   -22.20    -7.31
    113.48   -14.36   -34.50   -10.92
    113.56   -13.81   -17.49    -9.61
    114.87   -14.25   -25.72    -8.93
    115.81   -13.68   -20.22    -6.94
    115.67   -12.39   -45.10   -10.91
    116.93   -16.44   -46.68   -20.96
    118.41   -16.90   -30.10   -15.67
    119.86   -18.38   -28.06    -9.01
    116.36   -11.61    26.58     8.24
    124.25   -26.85    39.21     2.69
    123.48   -27.86    43.22     3.11
    123.14   -27.00    42.26    -0.26
    121.02   -28.93    16.01   -11.68
    127.47   -26.38    45.79    -1.01
    124.97   -26.39    43.99     0.54
    122.17   -26.54    48.05    -5.56
    127.61   -25.00    31.30    -2.60
    118.71   -28.43    40.76    -3.30
    119.47   -27.40    45.84    -5.25
    119.38   -26.60    54.02   -23.28
    123.82   -28.74    34.20     0.49
    121.48   -28.35    17.61    -3.45
    122.49   -25.46    33.96    -4.87
    121.61   -25.82    30.98    -5.58
    117.78   -29.07    17.88    -4.41
    121.73   -27.60    43.02    -4.76
    113.44   -28.51    67.02    -3.28
    112.06   -28.60    64.65    -2.18
    110.60   -28.63    71.22    -1.06
    113.86   -28.95    32.02    -4.66
    114.37   -29.23    41.25     2.85
    114.63   -28.33    67.01    -8.21
    115.61   -29.33    23.30    -6.50
    113.63   -25.49    67.10   -15.09
    110.66   -26.63    40.51     1.21
    111.48   -26.54    44.51    -1.28
    109.78   -21.65    -0.16    -1.30
    110.29   -21.70     5.06     2.10
    110.19   -22.08     1.56    -1.45
    110.67   -22.61     3.72    -2.91
    110.37   -22.74     1.92     0.65
    109.43   -24.38    24.06    -1.64
    109.38   -24.57    28.09    -3.18
    109.88   -23.75    33.98    -1.07
    110.32   -24.01    33.80     0.07
    109.80   -24.09    33.80     2.50
    110.09   -24.33    28.24    -2.85
    110.81   -25.12    29.21    -0.06
    107.93   -25.02    46.45     5.02
    107.69   -25.34    47.57     4.88
    109.05   -25.25    41.89     0.92
    109.17   -24.66    25.50    -3.51
    107.83   -24.39    -8.50     3.29
    108.29   -24.22    -3.29    -0.29
    108.60   -24.13    -0.53    -3.51
    108.17   -23.84     1.99    -0.72
    107.29   -23.73    -0.43    -0.22
    107.06   -23.57    -1.83     1.27
    107.32   -23.33     0.90    -2.29
    107.51   -23.48     0.00    -3.51
    107.77   -23.69     3.98    -0.25
    109.19   -21.77     3.67    -0.69
    109.51   -22.00     1.28    -2.33
    108.26   -29.34    30.78    -1.23
    108.60   -29.14    36.72     4.98
    103.53   -27.34    94.05    22.79
    104.24   -27.09    93.57    22.44
    103.94   -27.52    95.75    23.58
    103.73   -28.41    46.07     8.26
    103.47   -28.85    46.38     7.32
    104.86   -27.52    98.53    19.61
    105.36   -27.67   100.63    12.92
    105.30   -27.20   100.75    16.91
    102.69   -27.20    79.43    22.35
    101.52   -26.65    73.48    36.96
    102.27   -26.11    69.18    39.89
    102.45   -26.31    73.81    34.15
    106.42   -27.92   101.28    11.33
    105.93   -27.73   103.12    13.24
    106.74   -27.44   101.96     8.87
    107.22   -27.74   101.66     7.20
    107.46   -28.14    93.59     5.38
    106.13   -27.19    96.35    12.46
    109.40   -26.47    81.88     2.91
    109.27   -25.84    97.19   -11.53
    110.20   -25.77    89.54    -7.02
    109.76   -26.98   123.67     1.88
    109.44   -27.21   124.09     1.05
    107.19   -27.36    98.01     7.32
    106.65   -26.90   119.98    13.28
    108.92   -27.63   106.13    -0.63
    108.89   -27.85   107.88     1.19
    109.20   -27.86   107.46     2.51
    111.11   -27.07   124.50    -6.47
    111.46   -25.51    76.26   -10.18
    111.78   -25.47    73.24   -11.40
    111.68   -23.66    -4.51     2.82
    112.15   -23.66    -2.30     0.22
    112.24   -24.13    -0.56     1.95
    111.59   -24.56    15.42    -6.99
    113.12   -25.68    72.69   -14.30
    113.72   -25.44    66.37   -15.48
    112.70   -25.23    77.91   -19.61
    112.31   -26.64    50.75    -9.74
    110.38   -28.13    89.68     1.63
    111.79   -27.59    96.47    -6.26
    113.57   -27.22   103.60   -12.02
    112.91   -27.00   102.83   -14.39
    110.99   -25.98    90.61    -6.92
    111.11   -25.64    84.71    -7.64
    110.34   -26.29    79.97    -2.09
    111.08   -21.78    -0.76     1.64
    111.22   -22.18     4.03    -2.47
    111.45   -21.35     7.62     2.47
    111.96   -21.53     1.54    -3.08
    109.98   -21.36     8.68    -0.60
    112.59   -23.44     1.64     1.48
    113.28   -22.54     0.98     1.65
    112.46   -21.38     8.67    -3.83
    112.64   -21.66     3.69    -0.75
    114.13   -22.15     2.22    -4.36
    114.09   -23.53     7.55    -5.69
    113.16   -23.83     3.12    -0.60
    113.78   -23.29     8.17     0.46
    112.73   -23.84     7.88    -2.66
    114.52   -25.94    94.16   -25.30
    114.26   -23.99    14.06   -11.35
    114.91   -23.19     5.97    -8.18
    114.47   -24.19    14.08    -6.23
    113.43   -24.77    30.27   -11.18
    114.59   -24.86    63.55   -30.49
    114.20   -25.39    72.70   -17.95
    115.13   -21.95   -23.16   -25.89
    116.03   -22.34    -3.82   -16.91
    115.62   -23.52    10.78   -19.94
    115.39   -23.93    17.44   -17.46
    115.50   -24.13    27.34   -23.87
    116.65   -24.27    63.13   -54.84
    117.01   -23.65    33.09   -43.32
    117.10   -22.53     6.77   -31.92
    116.43   -21.08    -6.51   -13.03
    116.11   -20.52     0.03    -7.39
    112.26   -22.14     2.07    -3.91
    112.37   -22.58     2.54    -1.67
    112.86   -22.49     1.14    -1.26
    112.52   -19.75   -57.78    -9.53
    113.10   -20.15   -52.82   -15.27
    113.40   -20.18   -48.98   -13.67
    108.43   -19.52   -61.02     1.60
    107.43   -20.89    -8.10     1.34
    109.00   -19.74   -49.69     1.28
    109.04   -19.15   -53.28    -5.27
    110.80   -19.30   -69.12    -3.30
    110.66   -18.19  -107.38    -8.93
    110.62   -17.84  -110.71    -8.15
    110.47   -18.70  -101.81    -5.08
    112.84   -12.68   -18.51   -16.31
    111.49   -13.93   -14.32    -3.81
    110.01   -13.07   -13.77     6.25
    109.26   -14.11   -51.87    -2.44
    111.54   -15.02   -64.50   -10.21
    112.59   -16.06   -80.11   -16.75
    109.62   -16.17   -86.37    -3.83
    106.40   -14.78   -44.57     4.29
    110.38   -17.89  -115.95    -8.88
    112.05   -18.23  -105.13   -13.59
    107.48   -19.77   -47.04    -7.49
    105.99   -15.45   -44.39     9.08
    110.33   -19.79   -55.95    -2.52
    106.37   -19.93   -58.85     7.85
    101.90   -15.97   -52.23    24.62
    104.70   -15.00   -53.83    14.71
    105.62   -14.56   -48.50    10.07
    102.82   -18.10   -77.31    35.24
    102.38   -18.01   -76.48    35.47
    102.12   -18.02   -75.31    36.01
    101.61   -18.05   -76.95    40.22
    101.62   -20.80   -18.92    32.40
    105.26   -20.11   -37.53    -4.01
    105.06   -18.44   -83.37     8.28
    101.85   -19.18   -79.29    53.64
    101.62   -16.44   -54.87    24.89
    102.33   -16.10   -50.42    17.80
    104.32   -14.57   -56.17    13.02
    107.57   -14.47   -42.16     0.05
    108.85   -14.34   -48.60     5.68
    106.74   -17.10   -85.79    10.40
    105.79   -19.45   -48.42     2.96
    104.06   -22.28   -19.11    35.97
    104.25   -24.16    32.77    11.59
    105.10   -24.69    41.62     6.84
    105.62   -24.73    40.15     5.29
    104.69   -23.02    11.93    -6.65
    105.98   -24.69    45.17     5.54
    101.17   -21.31   -25.16    53.76
    100.53   -20.98   -13.99    40.49
    101.44   -24.50    59.58    65.83
    102.89   -22.54    -4.41    39.92
    115.33   -15.20   -44.94   -23.27
    113.53   -13.77   -18.80    -9.13
    115.61   -15.99   -51.99   -18.34
    118.63   -21.98     0.59   -45.61
    118.23   -20.28   -23.40   -31.85
    117.07   -18.59   -62.38   -35.61
    114.98   -17.81   -76.45   -24.76
    114.39   -17.44   -81.68   -29.51
    103.08   -20.78   -53.97    36.77
     99.46   -25.50    51.86    25.18
    100.05   -20.32   -28.75    40.54
     98.48   -17.64   -88.98    38.71
    114.75   -24.11    41.76   -33.99
    114.96   -23.16     7.64   -24.09
    114.89   -23.80    24.36   -35.67
    115.00   -24.77    53.29   -31.56
    115.40   -24.23    44.77   -38.35
    116.68   -20.63   -64.20   -78.57
    113.74   -21.17   -35.38   -19.88
    113.10   -20.91   -32.37   -11.91
    111.18   -21.40     7.50    -4.60
    111.45   -21.77     7.93    -6.19
    112.23   -17.30   -89.17   -17.71
    114.56   -19.81   -69.45   -40.11
    119.73   -23.89    17.06   -23.97
    118.70   -22.40    10.20    -3.31
    115.34   -19.98   -22.49   -31.23
    113.79   -20.01   -70.16   -27.15
    114.73   -20.28   -74.77   -40.89
    112.50   -24.02     3.82     0.70
    112.13   -24.11     4.99    -1.46
    111.81   -24.22     9.35    -7.04
    111.30   -24.42    11.25    -7.60
    113.24   -23.90     0.18    -2.52
    112.35   -24.22     4.26    -3.19
    117.13   -21.09   -46.09   -86.06
    116.30   -24.27    57.16   -51.77
    115.18   -25.28    44.22   -19.25
    114.91   -24.03    34.44   -40.80
    114.74   -23.99    30.17   -31.84
    114.46   -24.76    55.53   -32.06
    114.27   -25.01    63.30   -27.78
    116.55   -20.29   -71.05   -69.59
    116.53   -20.05   -74.04   -67.29
    116.31   -19.92   -83.77   -64.41
    113.68   -21.11   -28.26   -19.63
    111.95   -20.76   -28.07    -8.31
    109.99   -21.43     4.81    -2.39
    110.32   -21.44     2.28    -4.53
    110.51   -21.83     3.62     0.33
    111.84   -21.73    -2.21    -7.92
    111.95   -21.45    -9.65   -10.52
    112.21   -21.85    -3.46    -7.82
    111.31   -21.85     3.06    -3.27
    111.63   -22.13    -0.39   -10.17
    112.06   -21.57    -3.24   -13.81
    112.38   -21.99    -6.46    -0.74
    112.94   -21.90    -5.41    -1.92
    112.58   -21.75    -5.89    -1.24
    112.26   -22.32     2.75    -0.78
    112.09   -22.92     3.83    -0.28
    112.83   -22.29     0.60    -6.05
    112.34   -23.10     6.34    -2.03
    112.88   -22.96     3.66     4.87
    112.59   -23.43     4.19     1.34
    111.33   -23.63    -3.40    -8.62
    111.81   -23.52     5.78   -10.64
    111.79   -23.68     8.02   -11.43
    111.24   -23.85     4.11    -3.52
    111.55   -24.97     7.34    -7.46
    111.95   -24.78     0.80    -8.68
    111.86   -25.06    12.23    -5.97
    112.73   -24.62    15.28    -2.60
    113.18   -24.53    19.63    -4.91
    114.29   -14.32   -20.45    -6.06
    115.74   -15.33   -41.95   -21.07
    112.86   -15.83   -89.36   -18.38
    112.97   -15.63   -84.13   -17.95
    113.27   -16.00   -90.07   -19.57
    113.56   -16.10   -86.43   -20.64
    113.95   -16.57   -89.13   -24.71
    114.97   -17.00   -85.76   -29.60
    115.38   -16.94   -88.10   -34.27
    115.14   -16.74   -88.00   -34.44
    115.87   -17.11   -88.46   -36.86
    115.86   -17.11   -88.11   -37.64
    116.12   -17.42   -85.46   -38.57
    115.55   -23.58    29.05   -55.76
    115.73   -23.45    23.79   -59.71
    115.52   -22.51   -10.04   -39.91
    115.62   -22.61    -1.74   -44.94
    115.59   -23.25    17.56   -51.96
    115.70   -22.00   -20.05   -35.12
    116.05   -22.93     6.12   -46.33
    115.35   -22.06   -15.41   -31.91
    115.62   -22.22    -8.91   -33.11
    115.26   -22.34    -5.34   -31.23
    115.65   -21.47   -20.94   -30.60
    114.45   -22.75     8.90    -3.57
    114.31   -22.85     8.13    -2.54
    114.70   -22.68     9.08    -7.31
    113.53   -22.05     9.59     0.99
    113.90   -22.28     9.31    -4.24
    113.86   -21.69   -10.17   -12.82
    113.02   -21.35   -27.40   -12.86
    114.05   -23.02    10.69   -11.56
    113.75   -23.33     4.60    -4.49
    113.27   -22.11     6.38    -3.44
    117.46   -26.86    73.76   -32.66
    118.51   -26.35    53.01   -25.72
    118.81   -26.11    57.21   -24.49
    114.13   -27.40    99.74   -21.54
    114.22   -28.60    51.75    -9.63
    114.72   -28.73    41.93    -7.74
    113.95   -28.92    33.82   -11.08
    118.15   -29.34    23.73     1.01
    117.74   -29.18    27.69    -3.38
    117.30   -28.96    24.07    -2.59
    118.62   -29.78    16.51     2.99
    118.93   -30.74    12.37    -4.91
    120.14   -30.07    15.11   -20.76
    119.91   -29.84    16.54   -31.40
    118.69   -29.24     7.08    -9.79
    103.93   -29.64    44.23     6.02
    104.50   -30.04    35.90     7.70
    103.60   -28.94    54.05     9.19
    103.41   -28.70    53.58     6.72
    105.92   -27.74    97.64    10.82
    106.54   -27.81    98.75     5.34
    105.48   -27.65    98.92    12.74
    105.01   -27.68   102.02    14.01
    104.01   -27.60   111.35    21.20
    103.61   -27.47   114.48    24.77
    103.10   -20.80   -31.10    50.58
    102.91   -21.62   -21.67    41.81
    102.57   -22.65     3.13    45.05
    102.73   -22.98    19.88    43.54
    103.79   -23.70    22.63    21.03
    103.72   -23.93    25.05    17.84
    103.37   -23.60    23.27    27.47
    103.08   -23.44    20.65    30.38
    103.80   -21.43   -18.85    27.80
    104.36   -21.48    -7.63    21.80
    104.64   -21.44    -9.49    19.83
    104.19   -22.36     3.37    15.40
    105.61   -21.47     7.25    -0.05
    105.17   -21.58     4.06     5.38
    104.85   -21.86    11.76     3.93
    106.77   -21.30    17.41   -11.02
    105.79   -21.26     7.18    -2.71
    106.05   -21.44    14.48    -2.82
    105.89   -21.86    19.26    -5.59
    106.52   -22.74     4.44    -3.01
    106.24   -22.44     5.40    -0.67
    105.72   -22.86     7.09    -4.41
    105.74   -23.36     4.69    -0.97
    105.38   -23.70     1.56    -0.52
    105.23   -23.51     2.95     0.09
    107.49   -24.32    39.52     1.17
    107.05   -24.33    52.05     2.41
    105.38   -24.63    44.71    12.57
    105.39   -25.27    15.47    -3.59
    107.54   -24.98    35.19    -0.40
    103.39   -22.51     5.79    28.53
    103.78   -22.44     4.72    10.68
    102.89   -19.03   -93.81    60.95
    103.20   -19.39   -94.41    57.05
    102.96   -16.83   -80.88    30.22
    102.35   -17.14   -79.16    30.37
     99.81   -14.77   -27.81    16.84
    100.68   -14.53   -29.48     8.07
    104.37   -28.61    64.60     7.71
    102.42   -28.35    56.55    11.07
    105.21   -28.73    59.61     4.20
    106.74   -29.53    34.71     6.09
    107.03   -29.72    39.84     5.75
    107.53   -29.45    34.49     3.79
    107.08   -29.14    42.33     4.63
    102.36   -27.87    38.97     7.11
    102.42   -15.17   -57.20    23.33
    100.82   -15.47   -43.91    24.90
    104.63   -17.31  -101.55    27.22
    105.08   -17.20  -106.06    20.53
    105.27   -17.20  -101.51    19.48
    108.02   -16.97   -98.90    -0.55
    106.49   -18.63  -104.62    22.27
    102.88   -16.63   -85.13    30.29
    103.72   -16.72   -79.53    25.73
    104.03   -16.66   -86.47    24.87
    104.80   -16.38   -89.82    20.26
    105.41   -16.18   -87.05    12.89
    106.40   -15.83   -89.63    10.56
    101.97   -16.76   -56.22    20.16
    109.92   -19.57   -52.48   -12.34
    109.45   -19.74   -54.32    -6.81
    107.13   -21.22     9.82   -11.62
    107.68   -20.88    -4.60    -9.92
    107.93   -21.34     1.42   -13.31
    108.67   -20.86   -26.50   -11.62
    109.96   -20.40   -25.06    -5.14
    110.56   -20.38   -26.50    -6.14
    109.88   -20.84   -22.85   -11.66
    109.69   -21.75     0.50    -9.62
    109.86   -22.10     6.14    -3.71
    110.15   -22.45     3.82    -5.92
    108.16   -24.56    19.33     0.58
    106.76   -24.87    32.82     1.36
    108.99   -24.62     3.52    -4.76
    109.43   -24.49     1.86    -4.92
    107.82   -24.93    33.25    -2.42
    108.23   -25.07    31.29    -1.96
    108.73   -25.13    36.80    -2.48
    107.96   -25.53    50.51    -0.14
    108.97   -25.50    66.94    -4.15
    110.18   -24.18     9.99     1.23
    109.95   -24.55     4.60    -0.85
    110.36   -24.46     4.82    -1.21
    106.62   -22.20     9.80     4.20
    106.50   -21.49    16.13    -7.89
    106.62   -13.82   -44.65     7.31
    107.28   -12.90   -16.86     1.87
    119.51   -21.04   -17.97   -36.58
    119.96   -21.42   -10.57   -29.09
    120.04   -21.96   -10.18   -28.82
    119.77   -23.93    17.33   -25.29
    120.23   -23.36    12.65   -22.73
    119.93   -23.49    14.70   -25.93
    119.87   -22.97     2.98   -18.53
    120.74   -23.54    18.69   -20.04
    121.49   -23.53    16.51   -15.90
    120.92   -17.75   -21.10    -5.95
    121.64   -19.29   -19.28    -3.93
    117.49   -18.99   -48.62   -39.23
    117.80   -18.85   -54.04   -44.73
    118.78   -20.95   -21.17   -40.06
    118.58   -20.67   -23.56   -39.04
    118.10   -20.02   -27.95   -37.47
    118.05   -20.52   -31.57   -45.17
    117.33   -21.16   -44.31   -93.68
    117.26   -22.23   -12.95   -82.82
    117.10   -23.61    29.05   -75.39
    117.14   -23.95    51.59   -80.71
    118.80   -20.42   -22.47   -35.87
    120.07   -20.16   -13.05   -31.41
    121.40   -20.73   -38.68   -25.67
    120.89   -20.17   -34.94   -33.15
    120.67   -20.53   -36.29   -34.72
    120.82   -22.67     1.55   -18.36
    120.12   -15.77   -30.62   -16.07
    119.49   -15.48   -33.94   -18.49
    119.94   -15.15   -26.63   -14.42
    120.40   -16.49   -25.81   -19.68
    120.99   -16.83   -14.96   -11.31
    120.89   -16.39   -18.80   -17.47
    118.09   -18.51   -66.21   -49.95
    117.76   -18.25   -70.60   -46.24
    117.40   -17.81   -77.99   -45.92
    117.17   -17.74   -76.74   -44.42
    118.32   -19.39   -42.56   -42.82
    117.77   -19.59   -38.07   -36.41
    118.00   -19.82   -39.21   -38.95
    118.26   -19.81   -38.61   -40.85
    119.92   -17.67   -26.96   -25.16
    120.94   -18.26   -30.07   -22.97
    121.85   -20.87   -34.63   -25.44
    122.71   -20.73   -33.63   -15.84
    122.08   -20.02    -7.45     4.77
    121.05   -20.03    -9.47   -12.57
    121.44   -20.07    -5.57   -14.48
    111.01   -15.38   -76.68   -11.23
    112.48   -15.65   -89.48   -23.60
    109.92   -17.70   -92.09    -5.99
    109.58   -12.47    -5.88    -1.86
    110.99   -12.97   -10.13    -1.17
    111.73   -13.32   -11.94     2.70
    111.59   -13.74   -33.66    -7.57
    110.24   -13.62   -37.47    -8.69
    111.97   -14.35   -52.08   -21.33
    107.61   -12.07     7.35    -2.26
    114.16   -12.86   -23.04    -8.03
    111.82   -13.17   -13.37     1.32
    114.51   -15.02   -35.06   -21.08
    114.04   -13.70   -15.35   -11.91
    113.91   -14.24   -17.50    -8.15
    110.43   -12.96   -18.79    -2.94
    110.53   -13.30   -18.87    -6.35
    111.54   -13.72   -33.21    -6.05
    114.73   -12.51   -26.59    -6.91
    114.35   -11.37    24.87    -3.40
    109.09   -17.47  -117.73   -11.49
    106.19   -11.35    17.59    -3.57
    104.59   -11.65    14.70    -2.65
    103.87   -11.02    24.96    -5.13
    102.79   -10.52    31.45    -2.55
    104.26   -10.39    31.50    -1.56
    104.89   -10.98    24.28     0.03
    106.15   -10.71    14.79    -1.90
    106.95   -11.19    14.71    -3.43
    105.60   -11.67    13.69    -0.18
    104.64   -11.98    18.31    -3.48
    103.66   -11.61    21.83    -2.82
    105.53   -12.31     5.71     1.52
    104.82   -12.36     8.41    -3.53
    104.66   -12.68    -8.00     1.67
    105.44   -12.68    -7.62     3.21
    107.30   -11.88     4.54    -1.22
    107.85   -12.65   -14.83    -2.99
    107.09   -13.07   -15.44     0.11
    105.43   -13.10   -32.93     6.14
    108.87   -13.53   -40.69     1.57
    108.28   -13.49   -44.32     3.46
    108.74   -13.93   -40.86     3.52
    106.51   -15.31   -82.26     8.77
    106.99   -15.31   -91.52     3.29
    108.39   -15.03   -81.88    -2.51
    109.30   -15.16   -86.16    -3.18
    109.40   -15.74   -89.12    -4.79
    110.15   -16.12   -81.72    -4.38
    110.94   -16.12   -82.80   -12.57
    112.01   -16.11   -86.55   -13.57
    110.44   -16.91   -82.31   -10.10
    111.00   -16.94   -77.77   -11.26
    109.80   -17.12   -89.37    -6.74
    111.43   -19.95   -48.38   -15.05
    105.71   -14.05   -51.98     6.66
    105.36   -16.16   -89.56    14.48
    104.66   -16.32   -86.97    20.00
    105.47   -15.85   -93.19    17.73
    105.85   -16.00   -87.08    14.26
    107.77   -16.86  -118.30     5.61
    108.16   -16.80  -111.57     3.84
    109.45   -18.33  -116.05    -7.81
    106.11   -17.55  -134.95    25.98
    105.78   -18.23  -133.00    34.85
    111.53   -21.75    -4.75    -9.17
    111.27   -21.85    -7.38     0.35
    109.75   -21.40   -11.99    -0.63
    110.07   -21.36   -16.37     0.34
    109.27   -21.43   -18.21    -1.63
    109.16   -21.78   -13.15     4.04
    108.98   -19.16   -42.68    -6.75
    109.70   -17.70  -112.38    -0.94
    107.85   -21.51     7.58    -2.18
    107.72   -21.91     7.10    -5.96
    108.33   -21.31     5.50    -1.60
    108.73   -21.14     4.22     0.91
    107.68   -21.38     2.37    -3.81
    107.69   -21.58     3.60    -5.97
    107.35   -22.05    12.04    -7.82
    106.98   -22.01     4.92    -3.36
    106.92   -24.20   -14.08     3.30
    108.52   -24.60     0.66    -9.29
    109.28   -24.37    -1.93     2.75
    111.65   -24.34    -3.25     0.40
    113.50   -23.53     1.80    -3.66
    113.82   -23.28    -0.33    -7.24
    110.22   -25.16    26.97    -3.91
    111.24   -24.95    30.09    -4.86
    111.72   -24.87    15.23    -0.09
    112.10   -24.69    21.18    -1.30
    112.47   -24.59    12.46    -3.73
    112.84   -24.47    14.26    -7.80
    113.14   -24.93    50.72   -16.03
    110.12   -29.85    -9.68     5.51
    110.22   -29.62   -10.50     4.60
    108.15   -30.10    -0.36    12.73
    105.17   -21.27   -15.91    15.44
    105.76   -21.14   -11.14     9.52
    106.76   -21.40     3.59     1.40
    107.87   -21.96     7.46    -6.35
    106.01   -18.87  -104.79    31.95
    104.70   -19.25   -88.09    43.89
    104.11   -20.47   -53.25    24.77
    102.97   -21.76   -28.76    32.01
    102.85   -22.74    -9.29    29.95
    102.95   -23.10     2.33    30.02
    103.32   -23.38     2.55    20.32
    103.23   -23.03    -5.62    23.53
    103.39   -22.75    -2.28    21.88
    103.66   -22.56    -3.55    21.65
    105.19   -21.31   -16.32    13.95
    105.76   -21.14   -11.45     8.47
    104.94   -20.74   -39.37    20.58
    104.28   -23.53    -4.68     9.34
    105.01   -23.81     4.24    11.37
    104.30   -29.81   -77.31   -22.32
    104.12   -29.22   -96.02   -30.32
    104.71   -21.86   -16.93    13.32
    104.89   -17.44  -104.08    27.56
    102.97   -18.28   -72.23    31.43
    101.40   -19.23   -49.32    31.16
    100.91   -19.76   -38.60    35.85
     98.62   -17.20   -71.84    37.06
     99.60   -16.26   -65.24    33.96
     98.15   -16.75   -64.79    39.96
     98.31   -15.97   -47.94    26.21
     99.33   -15.81   -52.16    31.16
    101.47   -14.97   -86.90    27.46
    100.64   -14.26   -72.60    16.33
    101.71   -13.98   -92.84    15.17
    102.39   -14.09   -85.66    18.51
    101.83   -11.91    11.88    -3.59
    101.55   -11.44    16.73    -0.94
    102.60   -11.32    23.26    -0.48
    101.85   -10.53    20.75    -2.49
    103.11   -10.77    31.45     0.06
    102.88   -11.50    22.32    -0.21
    102.11   -12.57    14.20    -6.91
    102.42   -12.89     0.42     3.04
    101.81   -12.94    16.54    -6.33
     97.99   -17.55   -69.60    35.49
     98.34   -17.50   -70.77    34.60
    100.02   -18.31   -68.08    36.99
    100.86   -17.46   -72.12    36.17
    101.89   -17.02   -79.23    36.77
     97.76   -29.99    25.73     1.63
     97.50   -29.42    32.10     1.59
     96.14   -28.82    42.38    12.33
     97.05   -27.90    46.34     4.68
     97.69   -28.36    44.11     3.58
     98.52   -28.89    45.70    -3.21
     99.13   -28.47    48.82    -2.57
     99.18   -29.53    25.00     7.29
     99.65   -29.80     9.73    13.75
     98.18   -30.39    -1.70     8.34
     95.55   -28.56    48.10     7.27
     96.30   -26.38     4.20     3.50
     96.94   -25.65    12.79     5.49
     96.02   -25.55    30.53    -2.07
     95.60   -23.53     6.42    -3.30
     96.31   -22.25    -8.31     3.28
     93.70   -22.50    -2.31     1.94
     94.74   -25.43    19.26    -0.82
     95.04   -25.44    21.57    -1.11
     95.70   -27.57    37.83     0.14
     99.31   -21.63   -12.59    30.33
     98.94   -21.76   -17.35    30.01
     98.31   -23.36     0.72    25.52
     99.91   -21.65   -17.19    33.44
    103.32   -29.84    35.24     8.58
    101.84   -29.65    28.43     7.06
    101.87   -29.02    35.32     9.21
    100.34   -28.06    45.66     8.02
     99.30   -27.53    40.36     9.89
    100.28   -30.40     7.89     5.66
     96.36   -32.85   -39.96    -4.18
     97.45   -32.51   -41.11     6.36
     96.42   -28.67    45.05    12.14
     96.19   -30.01    30.94    11.48
     95.31   -29.80    26.80     3.64
    101.21   -26.57    60.33    26.11
     99.62   -25.44    31.87    28.19
     99.19   -24.96    25.51    22.76
     98.89   -24.36    18.80    26.09
    117.35   -22.90     4.46   -80.00
    117.36   -22.52    -3.83   -77.83
    115.89   -21.25   -46.70   -48.77
    117.67   -21.30   -10.71   -29.40
    119.09   -24.78    23.94   -27.44
    115.91   -18.58     0.57     0.27
    114.97   -14.48   -10.39   -10.08
    116.48   -14.99     4.43     0.24
    116.22   -15.46    -0.23     6.36
    114.58   -21.70   -29.70   -16.40
    116.24   -22.99    -1.51   -39.48
    115.92   -23.38     1.65   -46.43
    116.52   -22.09     1.69   -27.01
    113.76   -21.22   -31.00   -11.77
    113.46   -21.13   -31.83   -15.16
    113.05   -21.80    -3.91    -0.14
    112.49   -23.84    -5.09     3.77
    113.79   -24.79    44.33   -19.84
    116.44   -21.44   -44.36   -68.17
    120.08   -24.15    16.27   -21.55
    119.34   -23.83    14.87   -30.82
    115.15   -27.33    79.90   -25.19
    119.36   -28.41    55.12     2.55
    119.19   -27.95    60.45    -5.14
    119.59   -30.51     8.73   -11.03
    121.09   -29.11    28.82    -4.14
    118.41   -30.38     5.56     8.32
    117.32   -29.31    19.15    -2.33
    116.46   -29.03    18.88    -1.42
    115.93   -29.43    16.62    -4.22
    115.45   -24.00     6.44   -54.34
    112.44   -22.00    -7.84    -1.03
    112.20   -22.94    -3.54     2.47
    112.30   -28.00    90.21    -9.62
    114.60   -27.97    82.35   -17.86
    116.74   -26.88    67.90   -29.89
    115.67   -26.98    79.86   -24.47
    117.09   -26.84    68.33   -30.15
    117.10   -28.25    41.77    -7.37
    107.83   -27.94    62.44     7.01
    106.98   -27.91    60.84     8.43
    109.18   -27.80    48.61     4.16
    110.90   -27.92    94.35    -8.24
    107.20   -26.30   113.53     5.32
    104.87   -27.63    86.87    14.17
    110.73   -26.38   114.44    -6.62
    109.09   -26.48    93.34     0.95
    112.10   -26.33   100.75   -14.65
    103.76   -25.51    91.61    41.02
    103.34   -18.95  -102.39    56.07
    108.45   -15.92  -129.97     7.18
    109.22   -15.72  -115.54     2.97
    112.06   -18.45  -109.42   -17.17
    111.86   -19.14   -94.76   -19.08
    111.34   -20.05   -48.20   -15.23
    113.27   -14.78   -42.14   -13.14
    111.99   -16.02   -95.17   -13.29
    112.76   -15.99   -93.11   -17.48
    107.46   -18.55  -103.54    12.06
    106.07   -17.86  -128.40    18.30
    106.05   -17.61  -131.78    22.29
    107.12   -19.11   -93.78    12.02
    105.07   -19.58   -92.03    27.50
    105.07   -17.36  -101.51    22.53
    106.06   -18.40  -118.33    10.58
    105.52   -16.37   -86.90    15.20
    105.83   -18.18  -132.06    15.29
    105.81   -19.32  -100.12    20.64
    106.94   -24.20     2.73    -2.31
    105.75   -24.06    23.87     3.70
    104.05   -21.52   -13.62    26.60
    103.29   -21.04   -22.87    45.91
    103.97   -19.65   -68.33    45.51
    103.07   -16.63   -80.16    32.68
    104.56   -16.09   -84.74    17.62
    104.98   -16.22   -89.36    16.96
    102.64   -17.07   -75.07    28.29
    102.99   -13.03     6.77     3.94
    102.42   -13.31    -4.62     5.09
    101.94   -13.70     5.24     0.98
    102.67   -13.85   -28.57    10.86
    103.80   -14.00   -42.42    11.63
    103.10   -15.52   -58.05    15.77
    101.97   -15.70   -69.32    24.17
    103.28   -16.13   -87.34    27.77
    103.81   -15.92   -85.33    27.28
    104.32   -15.73   -86.40    22.07
    104.88   -15.48   -89.26    15.15
    105.56   -15.94   -87.92    14.19
    105.46   -17.11   -98.52    17.61
    105.68   -17.03  -100.80    16.39
    104.58   -17.50   -97.98    26.59
    103.26   -18.28   -75.82    39.63
    102.52   -18.53   -76.37    42.92
    103.50   -17.59   -88.60    33.10
    102.30   -18.19   -93.47    49.30
    106.08   -24.43    28.65     5.26
    107.26   -24.82    33.87     1.42
    106.71   -25.38    22.47     0.85
    106.56   -24.24     6.05    -8.12
    108.52   -21.14   -10.56   -10.50
    109.04   -18.83  -100.57     5.74
    110.46   -21.35    13.95     0.11
    108.79   -22.39     6.41    -0.27
    108.72   -22.93     5.71    -0.16
    108.37   -23.08     4.58    -1.07
    107.97   -23.71    -5.06    -0.84
    107.71   -23.62    -2.46     6.27
    108.45   -21.38     6.06    -2.71
    108.31   -21.71    13.16    -9.29
    107.91   -21.78    15.28    -8.14
    108.28   -21.30     8.72    -6.86
    107.20   -21.76     1.47     2.26
    109.06   -23.76    -0.74     1.30
    110.07   -23.80    -1.96    -1.74
    110.64   -23.25     2.26    -2.81
    110.50   -22.40    -0.37    -4.82
    109.67   -22.60    -1.79    -7.43
    113.50   -24.33    19.51    -6.13
    111.04   -26.11   115.28   -10.58
    110.34   -26.20   121.93    -6.63
    112.41   -25.66   109.97   -13.74
    113.61   -25.43    93.09   -30.66
    108.86   -26.15   126.38     2.32
    116.92   -21.20   -44.81   -78.37
    117.07   -21.61   -34.21   -81.42
    116.17   -24.68    64.13   -43.46
    115.24   -25.11   100.49   -40.76
    116.50   -25.83   107.75   -41.51
    116.96   -25.49   101.73   -47.84
    116.64   -26.41    74.13   -32.75
    117.93   -26.23    64.01   -26.26
    116.90   -26.39    73.11   -33.28
    117.60   -26.09    70.96   -41.19
    115.18   -26.60    81.64   -24.71
     96.28   -13.91    13.94    -3.58
     96.55   -11.94    28.63    -6.55
     97.31   -12.45    27.52    -0.36
     97.10   -11.90    29.72     1.31
     95.20   -11.80    26.78    -2.52
     93.57   -12.85    32.85    -0.86
     93.94   -11.04    19.51     0.79
     93.00   -12.08    26.74    -0.91
     95.06   -13.97    21.11    -7.48
     91.02   -12.61    36.29    -7.32
     92.36   -11.98    25.66    -4.04
     92.40   -13.15    28.57    -0.02
     93.27   -13.53    40.01     1.53
     92.00   -13.49    42.14    -1.49
     89.06   -13.22    36.52    -1.26
     90.11   -11.43    27.87    -3.11
     88.22   -11.56    35.67    -0.52
     86.22   -13.66    36.64    -8.91
     87.33   -12.67    39.71    -6.42
     88.20   -11.94    38.02    -0.42
     83.43   -12.08    26.07    -2.84
     81.11   -11.45    52.93    -6.69
     80.48   -12.21    44.68    -4.63
     80.83   -13.72    41.28    -7.11
     79.48   -13.46    50.27    -6.33
     78.77   -12.69    51.68    -3.55
     78.78   -14.11    52.38    -4.59
     80.70   -14.72    38.89    -8.63
     80.49    -8.36   100.18    -4.62
     81.68    -9.73    82.42    -4.29
     77.83    -8.59    92.09     2.00
     78.85    -7.23    81.03     1.06
     79.11    -6.12    78.43     0.58
     80.10    -4.72    60.42   -10.51
     81.96    -5.74    79.52   -30.31
     84.57    -5.89   100.92   -27.62
     80.48    -8.27    96.41   -13.75
    119.03   -23.77    10.56   -20.89
    121.40   -27.28    46.69     0.97
    122.26   -26.24    47.58    -1.55
    123.75   -26.37    51.70    -2.73
    124.10   -26.17    51.17     0.44
    120.15   -26.40    56.79   -17.93
    119.78   -24.37    22.92   -20.30
    120.61   -23.11     7.32   -16.11
    120.87   -22.18    -7.96   -20.55
    120.26   -21.23   -16.81   -26.43
    120.63   -21.32   -19.39   -28.31
    121.09   -22.56    -2.40   -21.47
    122.32   -25.79    40.67    -0.98
    123.33   -25.54    39.03    -4.98
    119.57   -24.55    25.38   -21.85
    119.13   -24.83    33.65   -23.90
    121.59   -26.07    45.12    -6.10
    120.73   -26.24    40.76    -7.15
    121.77   -26.68    48.26     0.23
    120.85   -27.28    46.58     0.45
    120.50   -23.07     8.04   -15.24
    101.76   -27.81    86.63    17.01
    103.00   -27.74   101.54    32.90
    104.32   -27.52    78.83    21.52
    104.50   -28.14    86.59    12.98
    106.37   -28.91    68.70     9.02
    108.07   -30.19    33.36   -26.32
    103.28   -28.98    23.17    -4.71
    101.68   -28.69    43.92    12.27
    102.52   -29.44     6.11     3.36
    103.95   -29.32    24.32     0.92
    107.81   -30.29     6.04   -17.21
    110.27   -29.98    46.94     0.87
    109.58   -29.76    55.19    -7.08
    110.68   -29.41    64.75     3.95
    110.35   -29.85    50.74     1.60
    109.29   -31.01     0.86    -2.81
    105.92   -28.49    86.30     8.23
    107.25   -27.24   100.01     7.95
    107.89   -29.49    40.44    -3.49
    101.09   -28.20    51.90     6.59
    103.21   -26.52    91.54    24.96
    102.71   -27.56   101.78    30.24
    102.88   -28.06    86.31    19.30
    102.48   -30.31   -16.01     9.32
    103.95   -30.62   -13.24    -5.00
    104.12   -30.66   -11.46    -1.74
    109.85   -33.52     0.81   -19.85
    109.23   -33.96    10.33   -28.00
    110.26   -33.35    -0.29   -16.82
    108.54   -35.06    39.97   -30.81
    110.22   -33.85     6.37   -19.81
    110.84   -33.13   -19.82   -22.57
    111.28   -32.52     1.35   -21.35
    110.97   -32.90   -14.21   -19.09
    108.67   -32.38   -21.72   -34.09
    109.33   -32.94    -8.92   -23.77
    110.52   -31.26    -4.83   -10.16
    111.25   -30.93    19.35    -6.34
    111.54   -31.55     1.21    -8.39
    109.40   -34.44    31.33   -38.54
    104.95   -34.58    35.89   -10.06
    106.78   -35.21    46.19   -24.44
    105.79   -33.77   -23.39   -47.84
    106.18   -34.60    56.69   -50.97
    104.15   -35.10    64.91     2.48
    105.66   -34.08    27.84   -16.48
    102.39   -33.54    18.74     7.52
    102.11   -34.07    21.88    14.39
    102.53   -33.76    12.58     7.69
    102.71   -33.92    22.91     5.81
    102.42   -34.07    21.45    11.44
    102.99   -34.10    32.06     7.86
    102.85   -34.27    32.41    12.29
    103.34   -34.63    33.48    11.77
    103.87   -35.08    69.57     7.70
    103.30   -35.07    68.70    10.25
    104.18   -35.11    67.51     0.70
    104.88   -35.07    67.87   -14.48
    105.57   -34.86    58.13   -23.14
    105.74   -34.74    54.51   -25.62
    105.92   -34.17    34.34   -19.78
    102.76   -33.38    -4.48    16.13
    103.26   -33.34    -3.32    10.00
    104.04   -33.44     4.69     2.05
    104.67   -33.46     2.33    -6.31
    104.44   -34.80    49.92    -1.79
    104.56   -34.71    35.88    -7.87
    104.71   -34.59    34.19    -8.69
    104.79   -34.72    36.89    -7.30
    104.94   -34.60    35.23    -7.59
    105.40   -34.40    30.41   -11.56
    104.94   -34.08    26.71    -9.85
    103.55   -34.67    23.92     8.95
    103.25   -35.07    67.70    11.59
    101.19   -33.94    15.75    52.06
    100.94   -34.72    46.07    41.71
    101.30   -33.05   -30.50    53.52
    101.59   -33.09   -94.48    91.81
    100.97   -33.16   -28.42    49.15
    101.39   -34.33    41.71    37.28
    108.10   -30.74    -5.89   -30.15
    109.14   -32.89   -18.55   -25.04
    108.63   -32.33   -23.32   -27.89
    108.22   -31.91   -24.84   -30.98
    107.42   -31.27   -26.18   -30.30
    106.64   -30.65   -19.76   -18.51
    103.96   -29.41    25.10     3.27
    104.03   -29.22    28.25     6.08
    103.29   -28.97    23.90    -5.67
    102.54   -29.41     3.68     4.29
    101.92   -29.30    -3.46     4.89
    102.60   -30.30   -13.30     7.48
    101.05   -28.22    51.22     5.92
    101.59   -27.07    63.87     8.08
    103.08   -27.70    97.19    34.16
    103.82   -28.20    85.47    13.44
    106.15   -28.44    86.12    10.23
    109.45   -29.53    53.47    -8.19
    110.34   -29.86    50.07     2.57
    111.27   -30.91    20.97    -5.53
    111.27   -29.92    60.34    -3.72
    110.44   -31.38    -3.77   -11.72
    107.04   -33.54   -13.45   -79.94
    106.22   -32.55   -62.63   -54.46
    105.14   -32.10   -62.87   -25.62
    104.61   -32.01   -66.92   -13.62
    103.76   -31.70  -110.64     9.14
    103.08   -31.80  -109.88    21.74
    102.48   -32.32   -85.90    33.39
    102.41   -31.80  -112.39    46.72
    105.22   -32.09   -61.79   -29.00
    105.52   -31.91   -80.05   -40.15
    106.13   -32.82   -36.66   -45.31
    104.67   -32.00   -63.17   -14.97
    104.11   -32.02   -64.07    -1.23
    104.95   -34.60    36.02    -7.17
    104.59   -34.74    35.65    -8.70
     99.61   -31.44   -16.42    19.97
    100.06   -30.98   -14.13    15.03
    100.94   -30.85   -22.75    12.25
    101.98   -30.21   -13.14    10.73
    100.06   -30.72   -27.62    21.48
    103.05   -35.06    59.29    14.17
    100.95   -34.41    63.79    65.82
    104.71   -33.54    -0.95    -8.80
    105.18   -33.52    -1.20   -20.04
    106.33   -33.39    -8.10   -41.14
    104.98   -23.26     6.32     6.15
    105.51   -23.03     9.98     4.13
    106.57   -23.42    -3.87     2.30
    108.29   -21.64    -2.72     3.02
    108.32   -22.67    -0.68     2.23
    109.54   -24.00     0.44     1.70
    105.55   -22.95    10.96     3.68
    105.44   -22.51     2.97     8.97
    107.01   -23.63    -4.42     1.34
    107.07   -23.46    -4.14    -1.65
    107.19   -22.16     4.47     2.42
    106.02   -22.01   -12.65     4.88
    107.46   -23.10    -1.71     3.10
    107.33   -23.56    -0.31     5.29
    107.96   -23.54    -5.68     0.57
    108.20   -23.56    -7.54     1.76
    106.99   -24.16    -0.50     2.05
    107.24   -24.13    -4.50     1.58
    104.68   -23.74     0.58    -4.40
    107.79   -23.97    -8.50     4.94
    108.24   -24.01    -4.89     0.96
    108.36   -24.25     3.49     1.04
    110.32   -25.26    39.07     2.61
    110.67   -25.13    34.79    -0.10
    108.43   -25.17    22.85     6.15
    109.01   -25.85    73.81     0.03
    109.21   -25.76    73.17     1.92
    110.55   -26.15    36.89     3.67
    109.95   -24.05    -6.78     3.75
    109.62   -23.93     0.86     3.47
    107.17   -21.46     8.22     1.68
    106.24   -21.44     4.71     3.67
    107.56   -21.85    14.11     3.97
    107.29   -22.02    10.44    -4.07
    108.52   -22.84    -1.87    -4.16
    108.50   -21.59    -0.61     5.88
    108.43   -21.85     4.17     5.22
    109.00   -21.26    -7.01     0.56
    110.05   -21.94    11.28     3.97
    109.45   -21.95    21.76    -0.61
    111.02   -22.80     1.79     5.92
    109.09   -21.58    -4.07     5.42
    108.20   -21.08    -4.67    -4.03
    108.68   -20.64    -6.99    -4.91
    106.73   -21.11     4.41     1.83
    109.90   -22.56     1.85     3.73
    110.89   -23.33     5.19     1.86
    110.74   -21.69    -1.92     6.98
    110.31   -21.90     8.83     1.31
    111.29   -22.12     9.81     5.01
    110.83   -23.03     2.49     6.65
    109.65   -22.00     0.01     5.97
    109.18   -20.83    -2.14    -3.28
    109.58   -23.26     6.77     2.73
    109.76   -23.22     6.78     3.20
    110.51   -23.32     4.66    -0.98
    110.33   -20.87    -2.73     1.22
    110.20   -21.27     1.15     1.44
    109.66   -20.89     2.57    -3.23
    110.58   -21.12     3.08    -1.80
    108.58   -21.08    -2.46    -2.98
    108.07   -21.18    -1.23    -3.81
    108.39   -21.86     5.66     5.88
    110.71   -22.13     9.25    -2.39
    110.90   -20.71    -7.29    -3.71
    110.39   -20.40    -9.32    -2.04
    108.17   -20.46   -14.23    -4.40
    108.35   -20.90    -8.57    -1.98
    109.09   -22.44    -1.89     4.55
    106.75   -18.46   -86.20    20.00
    107.51   -18.63  -104.23    16.35
    108.01   -20.47   -14.45    -4.50
    106.52   -19.34   -76.62     4.55
    105.84   -19.55   -82.65    15.85
    108.12   -16.99   -82.45     8.34
    108.36   -17.02   -84.03     8.15
    109.04   -16.96   -84.06     3.26
    109.24   -16.97   -86.41     1.75
    108.89   -17.20   -85.84     3.66
    105.73   -19.94   -61.81    11.10
    104.58   -20.45   -48.00    19.11
    103.60   -22.75     4.48    15.78
    103.53   -23.03     7.44    19.31
    103.85   -23.17     9.78    11.17
    103.82   -22.44     5.00     2.87
    104.60   -23.70     5.46     5.51
    105.78   -23.38    -4.61     5.82
    105.91   -23.47    -5.36     4.16
    107.77   -24.88    23.28     1.34
    109.07   -24.72    21.43     0.86
    107.09   -23.03    -0.02     2.13
    107.71   -23.33    -3.23     3.09
    108.00   -23.44    -5.22    -0.75
    108.24   -23.40     0.50     1.92
    108.28   -23.55    -4.67     2.50
    107.44   -21.88     7.57    -0.39
    110.47   -21.88     9.67    -0.25
    110.23   -22.48     3.03    -0.21
    110.72   -22.23     1.46     0.26
    110.67   -22.55    -1.27     0.16
    108.89   -21.94    -0.58     3.18
    107.46   -22.68    -2.86     0.46
    107.60   -23.02    -0.78     5.78
    106.89   -22.47    11.24     8.04
    108.26   -21.99    -6.37     3.52
    108.72   -23.17     5.08     5.14
    109.27   -21.39    -2.22     3.36
    109.51   -21.52     4.53     2.02
    109.89   -21.45    16.48     1.95
    109.80   -21.60     7.21     2.58
    108.96   -23.19     5.19     5.43
    109.23   -23.61    -3.19     4.36
    105.40   -24.07     0.92     7.50
    107.28   -24.64    18.87     1.86
    107.62   -24.65    16.65    -0.76
    107.06   -24.57    16.97     3.79
    106.53   -24.34    25.10     4.98
    105.10   -23.77     3.31     7.13
    104.78   -23.95     9.20     9.06
    105.62   -24.27    10.43     7.73
    106.07   -24.01     2.04     4.28
    106.99   -24.17    -0.90     2.04
    107.26   -24.13    -4.26     0.15
    110.86   -25.34    50.50    -1.68
    104.38   -22.01     1.78     8.68
    105.15   -21.47    -4.12    13.15
    106.05   -21.45    -1.29     2.05
    107.15   -21.49    10.37     0.44
    106.32   -21.64    17.12     1.93
    111.12   -22.65     2.30     0.70
    111.22   -22.91     8.33     0.90
    112.37   -22.09     3.84     0.53
    112.83   -23.57     3.98     2.46
    113.32   -23.83     6.97    -1.41
    113.60   -23.87    11.49    -0.75
    111.60   -21.45    -2.30     3.01
    111.76   -21.42    -3.05     5.49
    111.98   -21.70    -1.90     1.59
    112.46   -22.18     3.91     2.24
    113.41   -22.34     1.92     3.68
    113.15   -22.37     3.00    -1.65
    114.56   -23.22    13.43   -20.78
    113.58   -22.39    -1.12    -0.92
    114.25   -22.14    -2.74    -6.86
    113.07   -21.71    -3.33     1.63
    112.65   -21.54    -4.92     3.10
    110.33   -18.74   -99.59    -0.28
    112.29   -18.65  -114.07   -15.27
    115.04   -20.12  -123.23   -59.23
    114.04   -20.72  -109.77   -42.61
    116.45   -23.32    20.61   -50.85
    116.43   -22.71     2.58   -48.53
    116.16   -23.22    14.95   -52.19
    116.17   -21.75    -4.89   -37.00
    115.19   -23.26     7.33   -17.80
    115.14   -21.21   -30.24   -27.82
    114.56   -21.33   -32.06   -20.36
    113.29   -20.52   -30.33     0.77
    111.54   -20.57   -30.67    -1.17
    110.32   -19.03  -109.59     0.72
    110.19   -19.39   -90.32    -7.40
    110.92   -18.31  -110.33    -4.11
    114.26   -25.07    70.80   -25.48
    114.68   -24.81    57.41   -27.89
    115.01   -24.30    47.12   -34.34
    115.33   -24.37    54.72   -36.59
    115.62   -24.46    58.41   -44.83
    116.10   -24.01    42.55   -53.95
    116.26   -24.21    49.03   -59.98
    119.25   -23.48    19.14   -29.54
    115.30   -24.74    69.24   -40.41
    116.75   -22.94    10.24   -48.83
    119.04   -23.77    15.87   -23.86
    119.14   -23.08    14.92   -33.70
    119.56   -21.90    -5.09   -14.55
    118.10   -20.14   -11.71   -17.61
    118.40   -20.60    -9.33   -19.09
    118.50   -20.36   -15.53   -34.06
    116.70   -23.89    81.24   -86.36
    120.11   -21.82    -7.04   -15.84
    118.24   -24.54    44.53   -46.93
    119.54   -17.24   -46.51   -20.61
    118.90   -19.58   -56.24   -40.20
    117.68   -19.22   -50.62   -32.72
    117.52   -19.05   -49.40   -30.42
    118.63   -18.58   -74.05   -47.75
    119.22   -19.00   -80.71   -54.99
    121.27   -19.84   -62.19   -39.95
    119.22   -20.93   -20.30   -27.33
    120.05   -20.43   -53.63   -27.83
    118.54   -17.92   -81.59   -45.04
    117.74   -17.53   -80.15   -38.22
    118.38   -16.49   -38.63   -17.44
    117.28   -16.03   -21.59   -19.60
    115.08   -17.06   -72.20   -21.70
    114.75   -18.32   -90.37   -28.17
    114.65   -16.27   -83.13   -23.06
    103.23   -16.06   -63.93    20.69
     98.94   -21.88    -6.18    35.57
    103.32   -21.24   -30.19    31.39
    105.54   -24.02     8.22     7.22
    106.08   -22.42     0.59     4.32
    106.44   -24.86    22.43    15.65
    105.33   -24.67    -4.15    18.69
    101.76   -21.62   -31.75    72.35
    104.25   -18.75  -109.52    41.67
    104.70   -21.18   -18.60    11.27
    103.94   -21.64   -27.60    18.53
    105.09   -21.56    -5.58    11.14
    105.47   -21.47    -3.53     8.27
    107.25   -24.52     4.14     8.20
    107.47   -24.65     9.58     4.19
    108.45   -21.63    -1.17    -0.60
    107.41   -22.01     3.42     2.79
    107.35   -22.38     2.36     6.55
    107.12   -22.27     0.02     5.71
    102.58   -15.48   -81.25    29.34
    104.84   -14.52   -68.67    18.92
     99.31   -16.51   -77.32    39.54
    106.36   -17.17   -77.88    13.20
    110.10   -20.37   -17.11     4.18
    111.13   -20.76   -18.21     0.36
    112.40   -20.68   -23.39     1.00
    111.62   -20.15   -32.43     1.01
    112.75   -21.79    -4.73     8.26
    113.25   -21.68    -2.82     4.33
    113.53   -21.95     3.67     1.39
    111.44   -22.21     0.07     7.56
    111.52   -23.83    -6.87     4.63
    110.65   -21.43     1.62     8.17
    110.65   -22.24    -0.03    11.17
    108.68   -21.74    -6.61     3.56
    109.04   -21.05     4.43    -0.22
    110.60   -18.20  -114.05    -5.91
    114.03   -22.23     3.52    -2.95
    115.89   -14.65   -28.39     1.97
    118.58   -16.59   -26.85   -17.20
    112.24   -17.23   -87.51    -9.97
    118.52   -21.63   -11.87   -48.25
    118.29   -23.65    25.82   -43.07
    118.93   -22.79     9.40   -40.11
    118.87   -24.81    34.62   -19.99
    117.32   -23.37    13.11   -20.85
    113.65   -20.70    -7.49   -13.60
    115.38   -25.44    72.74   -27.95
    115.23   -22.46     1.53   -11.52
    114.58   -23.62    14.24   -12.80
    113.42   -21.60    -7.85    -0.52
    114.74   -22.30    -2.45   -15.72
    113.21   -24.47    36.35   -15.43
    112.14   -21.64    -0.90     3.90
    103.34   -25.62    94.11    32.70
    101.82   -24.46    61.33    61.73
    100.79   -23.47    17.07    68.87
    100.14   -22.07    -1.71    31.56
    101.13   -19.87   -62.57    60.72
    104.02   -18.04  -116.55    38.50
    106.38   -17.23   -77.08    15.43
    109.11   -17.28   -19.45     3.12
    112.46   -17.56   -23.62    -0.41
    113.52   -17.61   -16.47     1.86
    117.95   -21.99    -8.62   -72.84
    117.38   -24.27    43.03   -47.31
    116.12   -20.02   -58.19   -37.11
    115.31   -19.22   -76.09   -20.47
    117.10   -21.58   -17.13   -39.66
    117.14   -22.84    10.81   -49.48
    116.75   -24.23    48.11   -43.35
    115.12   -22.63    -0.17   -15.28
    114.59   -23.50    14.30   -13.14
    115.16   -24.32    51.84   -40.92
    114.15   -23.89    26.57   -12.36
    113.16   -24.62    33.44   -14.95
    112.05   -21.72     1.34     7.77
    113.48   -21.37    10.81    13.20
    113.18   -21.74    -5.81     4.52
    113.56   -22.01    -0.50     1.12
    114.09   -22.20     1.87    -4.58
    113.49   -23.62   -12.93     8.84
    112.50   -23.83   -15.98    -4.09
    112.40   -22.84    -0.84     6.51
    111.94   -22.36     0.30    -0.88
    111.13   -21.29    -0.57     4.72
    112.97   -20.45   -25.16    -2.66
    112.05   -19.66   -64.25    -4.42
    114.41   -19.52   -74.77   -25.49
    113.63   -19.62   -71.69   -19.70
    111.29   -19.24   -75.34    -0.92
    114.35   -16.01  -102.39   -25.06
    116.13   -17.24   -89.95   -35.86
    118.79   -16.47   -21.60   -16.05
    116.69   -17.56   -81.35   -39.12
    118.02   -18.16   -67.05   -40.60
    119.41   -18.69   -56.86   -21.03
    118.00   -19.01   -51.77   -25.09
    118.97   -20.22   -30.08   -47.35
    118.89   -22.29    10.60    -5.44
    118.62   -25.01    37.37   -21.16
    119.28   -27.47    44.04     5.85
    120.11   -27.95    63.59     0.06
    122.12   -26.90    45.55    -8.38
    121.41   -26.48    49.42    -3.77
    121.36   -28.00    47.83    -2.57
    120.56   -28.42    46.48     1.83
    118.67   -28.17    46.47     4.48
    117.79   -29.19    49.67    -0.59
    114.43   -27.90    59.66   -26.23
    110.15   -19.45   -76.55     1.60
    110.60   -21.92   -28.63     4.97
    110.32   -20.92   -10.92     5.74
    109.76   -27.07    93.32     3.95
    104.16   -28.42    68.75    13.72
    103.82   -28.27    68.14    17.95
    105.43   -28.98    57.62    11.98
    106.51   -27.26   101.46     9.93
    106.40   -24.87    29.77    15.48
    103.78   -25.41    99.15    35.82
    107.27   -24.54     3.64     9.09
    107.55   -24.67    12.74     4.21
    107.34   -24.35     2.79     6.66
    107.75   -24.23     1.21     6.43
    106.54   -24.49     8.78     8.64
    105.98   -24.28     8.37     9.75
    105.45   -24.18     6.33    10.73
    106.25   -23.87    -3.35     5.64
    103.33   -21.36   -21.82    31.30
    103.80   -21.71   -27.40    29.53
    103.19   -22.20    -9.03    22.54
    103.22   -23.00     1.94    21.08
    103.62   -23.53     4.22    15.83
    104.06   -23.64     3.08    12.57
    105.00   -23.08     6.13     6.99
    105.50   -22.90     3.54     4.76
    106.37   -22.34    -1.94     5.01
    105.95   -22.33    -0.17     5.36
    108.99   -21.10     7.94    -2.26
    103.50   -24.75    14.08    26.94
    103.06   -23.89    21.19    30.32
    103.59   -24.12    22.80    22.29
    102.76   -15.69   -82.06    30.04
    105.19   -15.09   -90.90    20.96
    104.86   -14.46   -67.41    17.72
    106.10   -14.44   -75.65    17.56
    102.25   -15.98   -84.77    34.97
    103.25   -16.11   -67.62    21.17
    104.68   -16.16   -74.03    22.50
    106.47   -15.55   -95.03    16.59
    105.10   -16.62   -77.46    20.76
    105.36   -16.97   -78.08    19.57
    105.71   -16.62   -78.69    18.34
    106.34   -17.19   -75.92    14.76
    106.73   -16.94   -80.07    11.85
    106.42   -16.92   -79.85    14.03
    103.24   -17.97   -69.70    27.23
    101.85   -18.65   -63.93    28.99
    100.63   -19.68   -64.31    58.77
    101.51   -23.41     7.21    51.48
    101.72   -21.57   -37.23    70.21
     99.36   -16.65   -74.66    37.90
     99.96   -16.44   -75.54    37.61
    101.49   -16.31   -81.81    37.35
    104.81   -19.82   -60.93    19.63
    105.53   -19.58   -61.41    19.29
    103.93   -19.00   -74.09    26.84
    104.61   -18.74   -60.53    22.44
    104.45   -20.70   -51.35    30.44
    104.30   -21.49   -19.35    12.42
    104.94   -21.65    -8.94    14.87
    105.64   -21.64    -4.02     8.04
    105.91   -21.33   -11.63     8.40
    108.60   -21.71    -0.85    -0.89
    108.02   -21.98   -10.18     4.73
    108.43   -23.53    25.72    10.31
    108.95   -23.71    28.02     3.44
    108.90   -24.32     2.16     5.05
    110.61   -24.48    10.21     8.21
    112.79   -21.87     1.50     8.13
    112.35   -21.72     3.61     3.05
    111.13   -21.66     6.54    -0.35
    110.71   -21.66    -0.86     2.83
    110.56   -22.10    -1.81     5.48
    111.27   -22.15    -0.47     2.60
    113.25   -21.76    -5.26     5.66
    113.47   -21.98     0.75     1.51
    114.08   -22.28     3.06    -2.51
    113.10   -24.52    31.60   -13.85
    109.79   -27.06    91.43     4.79
    114.42   -27.90    63.94   -28.25
    112.13   -29.07    58.12    11.08
    110.78   -29.61    41.29    -0.57
    110.40   -28.97    50.60     1.43
    110.13   -28.07   101.07     5.02
    113.38   -22.26     3.37     0.94
    113.79   -22.38     3.34    -2.82
    114.79   -22.36    -2.90   -15.28
    115.06   -22.74     1.56   -15.26
    114.54   -23.61    12.59   -15.74
    114.24   -24.50    40.59   -21.89
    112.25   -25.23    70.74    -7.95
    111.76   -25.60    83.36   -13.24
    114.73   -22.92     5.66   -13.56
    113.53   -23.37    10.64   -13.46
    112.29   -23.22     2.33    -1.19
    111.61   -23.69     7.63    -0.34
    110.56   -24.51    12.85     8.23
    110.09   -20.42   -12.95     1.90
    111.13   -20.76   -15.73    -0.72
    112.26   -20.70   -20.95     1.51
    111.09   -20.34   -25.68     0.03
    110.93   -19.84   -35.29     4.96
    111.60   -19.81   -36.47    -1.73
    111.65   -20.20   -33.38     2.23
    113.10   -20.52   -25.83    -3.70
    113.73   -20.73    -3.73   -13.30
    112.94   -21.19   -22.39     0.51
    113.43   -21.29   -18.91    -4.13
    114.16   -21.58   -16.08   -12.39
    113.41   -21.58   -18.18    -4.86
    114.34   -21.89   -12.17    -9.39
    113.99   -20.90   -16.66   -14.88
    113.76   -20.50   -29.54   -13.50
    109.49   -19.39   -68.91     2.19
    110.70   -18.73   -94.27    -7.54
    110.31   -19.32   -74.82     4.32
    110.94   -19.25   -74.32    -1.99
    106.15   -20.74   -34.16    15.30
    107.31   -20.10   -43.21     2.84
    106.46   -20.77   -28.98     9.05
    106.60   -20.52   -39.38    11.19
    107.90   -19.86   -50.76     3.44
    108.57   -19.66   -58.91     7.58
    107.49   -19.35   -61.06     6.24
    110.35   -18.27  -115.59    -0.80
    111.77   -18.22  -120.62   -11.20
    110.66   -18.34  -116.29    -8.52
    108.88   -18.07  -112.61     1.41
    107.67   -15.41   -80.55     8.94
    112.04   -21.52    -1.34     3.01
    112.00   -22.30     2.87     4.48
    112.12   -24.41    21.09    -4.80
    107.60   -18.84   -94.05    18.32
    108.99   -21.12     7.94    -2.21
    108.34   -21.74     3.93    -3.86
    108.75   -21.91    -0.45    -0.27
    110.24   -20.73   -12.10     2.03
    110.19   -21.29   -22.26     2.08
    110.58   -21.05   -20.90    -3.28
    108.10   -17.97   -90.72     4.93
    108.45   -17.85   -88.76     5.60
    107.55   -15.45   -82.33     9.62
    105.54   -15.43   -88.77    19.98
    104.55   -15.96   -76.10    19.64
    109.76   -15.40   -94.42    -3.33
    110.33   -15.52   -91.70    -5.99
    110.13   -16.81   -70.44    -3.18
    110.43   -16.84   -73.65    -3.50
    110.81   -16.47   -69.89     0.98
    111.93   -17.14   -80.72    -5.56
    108.36   -19.11   -54.35    -0.42
    107.05   -19.66   -62.32     9.20
    108.61   -17.64  -119.92     5.13
     76.20   -18.13   -86.21     0.00
    107.58   -17.45   -92.36    10.74
    109.18   -22.15    -3.65     2.45
    109.80   -22.30    -1.69     3.01
     99.16   -27.32    58.55    20.76
     99.46   -27.73    60.64    27.98
     99.83   -27.41    64.75    24.65
     99.89   -27.77    61.88    29.83
    101.56   -28.21    55.64    16.05
    100.80   -25.72    46.37    39.67
     99.60   -26.53    71.83    31.93
     99.26   -27.53    58.17    24.01
    102.44   -28.48    22.61    12.27
    105.05   -29.20    58.57    15.36
    103.79   -28.21    71.30    18.18
    102.45   -28.07    74.84    22.54
    101.23   -24.82    47.35    42.41
    100.81   -25.33    58.49    32.04
     98.46   -24.04    24.52    32.53
     98.34   -25.76    54.33    41.34
     98.36   -25.51    52.09    40.31
    102.39   -26.17    77.07    28.98
    100.27   -24.84    32.68    28.87
     99.12   -26.14    58.95    36.96
     99.30   -23.56    15.07    27.70
     98.72   -23.05     6.60    28.07
     98.84   -21.44   -12.51    41.14
     98.01   -22.61     5.44    16.43
    100.05   -19.98   -18.04    31.08
    101.46   -19.18   -36.73    31.93
    105.59   -23.20    23.49     0.37
    102.14   -26.19    64.35    32.07
    104.52   -26.87    78.53    10.92
    103.71   -27.50    91.75    19.47
    104.50   -27.50    98.28    13.44
    104.07   -27.49    94.51    18.10
    102.86   -28.20    73.51    24.51
    103.21   -26.34    66.87    21.55
    105.79   -23.96     7.65     7.69
    103.76   -22.93     1.42    26.57
    103.67   -22.70    -1.08    28.52
    103.89   -22.21   -24.02    26.82
    105.30   -20.84   -20.19    14.84
    104.25   -20.40   -57.96    32.48
    104.67   -20.40   -54.72    24.93
    104.77   -20.11   -54.42    22.99
    103.43   -23.27    16.35    33.33
    103.69   -23.48    26.90    24.17
    103.92   -23.63    23.71    22.12
    104.52   -23.69    32.60    14.18
    105.92   -11.84    32.33    -0.74
    105.57   -11.95    31.07     2.51
    106.78   -12.07    18.02     4.17
    107.23   -12.45    14.86     3.70
    106.30   -11.42    38.04     7.93
    105.10   -11.52    39.49     0.72
    104.36   -11.32    48.27    11.88
    105.96   -12.04    15.82     4.91
    108.54   -12.99     8.16     9.44
    107.63   -13.53   -47.03     6.48
    106.98   -13.53   -49.82     4.15
    104.17   -12.11    20.03     8.33
    112.28   -13.73     2.44     1.82
    109.21   -18.69  -115.21     2.59
    105.76   -13.52   -67.01     9.02
    113.04   -13.52   -10.48    -7.63
    114.18   -13.83    -9.32    -3.04
    114.63   -13.51     9.37     6.07
    114.93   -14.30    -8.29    -1.55
    115.41   -14.63    -9.45    -0.46
    116.73   -15.28   -19.42    -7.22
    115.84   -13.89    16.91    18.10
    115.45   -13.43    24.03    13.57
    114.49   -12.43    36.12     6.72
    113.27   -13.17    22.00    -5.64
    116.13   -14.98   -20.07     0.10
    118.33   -16.29   -26.52   -18.61
    114.73   -19.29  -108.12   -49.10
    115.37   -19.66   -94.92   -58.37
    116.40   -20.63   -66.42   -66.64
    118.90   -21.41    -9.17   -34.28
    118.89   -22.11    -2.96   -51.27
    113.96   -16.10  -105.56   -23.55
    114.64   -16.19  -101.02   -27.60
    113.05   -11.30    20.73     7.02
    112.56   -10.75    33.82     6.59
    113.76   -12.04    24.02     7.57
    115.68   -14.16    29.32    19.49
    118.13   -15.60   -11.52    -4.63
    115.04   -19.40   -99.23   -54.09
    114.73   -21.29   -22.89   -16.92
    115.97   -22.12     1.43   -13.64
    115.18   -23.78    50.86   -36.40
    115.06   -24.34    74.14   -40.48
    120.39   -15.40    34.62    12.18
    120.37   -16.49    -5.40    -5.93
    120.18   -16.27    -1.89   -12.74
    120.60   -16.62   -15.98    -1.33
    119.31   -15.21    25.94   -11.71
    118.83   -14.75    29.18     1.41
    117.85   -14.27    25.25    18.14
    117.69   -13.17     0.10     8.62
    117.01   -12.85     7.07    13.45
    115.93   -11.64    43.60    15.82
    118.77   -10.01    64.77     4.85
    119.91   -12.43   -10.80    -2.88
    113.48   -11.26    45.92     1.66
    114.02   -10.90    30.61     7.20
    112.59   -10.77    35.51     7.13
    113.00   -10.83    36.06     5.91
    117.74   -13.70     7.45    16.87
    120.58   -22.14    -0.67   -19.66
    119.86   -22.51     1.67   -16.68
    118.48   -21.54   -12.03   -46.64
    120.55   -16.25    -2.64     1.99
    115.16   -11.71    51.31     4.82
    113.40   -13.10    27.62    -1.65
    120.30   -20.88   -21.56   -31.09
    120.33   -20.46   -24.76   -32.44
    119.96   -20.21   -25.55   -30.31
    119.61   -20.19   -20.72   -30.24
    119.37   -20.07   -21.86   -33.47
    120.25   -21.34   -21.95   -32.22
    119.82   -20.78   -23.99   -34.04
    117.04   -10.45    35.71     1.36
    119.81   -13.71    -8.38    -4.20
    117.07   -13.01    -2.44     0.58
    115.84   -12.42   -12.71     7.45
    119.00   -25.22    39.05   -15.88
    115.17   -27.60    86.00   -34.24
    117.91   -25.60    45.48   -21.43
    118.95   -25.25    42.19   -18.01
    115.65   -27.97    86.60   -12.47
    117.50   -28.76    54.34     0.48
    119.49   -28.42    51.83    -4.43
    119.33   -29.01    43.67    -1.46
    118.31   -28.96    43.89     1.74
    118.17   -29.54    41.24     3.24
    117.52   -28.76    54.68    -0.94
    117.33   -28.63    56.23    -4.20
    116.64   -28.93    51.66    -6.54
    117.31   -30.96    -0.94     7.23
    115.85   -30.76   -10.30    14.50
    115.70   -30.36     2.37     1.21
    115.23   -29.18    62.47    -2.44
     98.97   -22.10    -4.84    39.03
     98.82   -21.35   -11.37    33.70
    100.33   -24.92    32.17    34.50
    100.67   -25.41    47.04    35.67
     99.72   -26.51    70.55    40.81
    100.79   -27.95   101.07    35.41
    100.77   -26.81    88.35    54.96
    102.62   -28.27    80.85    22.43
    106.47   -27.72    96.66    16.47
    103.57   -28.34    82.21    26.73
    101.22   -24.85    54.82    56.21
    101.73   -21.49   -33.10    75.57
    101.80   -21.89   -25.37    76.61
    101.71   -23.72    22.89    71.74
    103.30   -21.85   -15.22    32.14
    102.94   -22.30    -9.09    33.84
    103.70   -23.44    17.05    29.02
    103.18   -22.29    -8.10    26.91
    103.29   -21.45   -29.56    40.83
    103.76   -21.94   -23.99    31.79
    104.56   -23.77    27.49    21.31
    103.52   -19.47   -93.87    52.43
    103.66   -18.89  -106.12    49.50
    104.13   -19.11  -103.36    48.24
    104.94   -18.95  -107.12    35.63
     98.52   -25.52    50.19    27.64
    102.39   -15.62   -79.33    36.11
    102.04   -15.98   -78.29    38.83
    101.46   -15.28   -54.14    24.51
    100.57   -19.80   -52.26    55.99
    101.32   -19.59   -33.57    43.07
    103.89   -19.88   -80.03    45.40
     94.04   -25.35    80.89    30.42
     94.00   -25.74    89.49    29.20
     96.89   -25.03    41.83     7.02
     98.47   -24.17    25.96    30.82
     97.17   -24.63    37.30    11.93
     96.28   -23.83     3.19    19.78
     95.93   -24.23    22.34    21.69
     95.40   -22.64    13.31    17.39
     98.74   -23.20     3.16    34.77
     98.23   -22.58     4.04    28.32
     97.81   -23.09     9.73    20.48
     94.44   -21.08   -34.68    16.49
     95.16   -21.31   -31.91    21.47
     99.57   -17.85   -67.89    47.36
     97.78   -19.56   -27.44    27.48
     95.92   -17.70   -59.10    28.40
     95.98   -18.43   -70.57    35.20
     95.40   -16.72   -22.91    16.56
     98.40   -16.82   -71.13    41.95
     99.21   -16.81   -71.72    44.01
     99.53   -16.76   -75.81    44.36
     96.50   -17.63   -61.09    30.43
     95.10   -25.82    71.78    24.93
     97.32   -26.02    50.62    18.18
     97.11   -25.52    48.11    20.54
    102.33   -28.59    14.60    19.68
     99.98   -30.70   -10.58    34.26
    100.87   -31.30   -11.37    23.88
    101.91   -30.82   -24.71    25.65
    103.73   -30.13    -5.96     5.84
     98.71   -28.36    20.75     9.36
     97.84   -28.16    18.57    14.51
     98.57   -28.03    15.85     9.58
     97.97   -27.90    13.83    16.36
     99.16   -28.82    28.47     2.30
     97.81   -28.53    21.99    13.15
     99.56   -23.69    21.67    31.63
     99.18   -24.15    20.03    37.54
     98.74   -24.41    23.52    39.51
    100.00   -25.61    40.63    34.72
    101.60   -21.11   -42.20    73.19
     97.82   -17.32   -65.70    42.11
     95.69   -19.00   -66.36    35.61
     96.65   -18.84   -74.61    39.33
     92.98   -17.54   -25.68    12.10
     92.51   -16.96   -20.65     9.19
     92.46   -17.38   -24.87    11.70
    102.44   -27.13    77.92    35.24
    102.65   -26.40    73.96    34.67
    103.48   -26.56    65.90    28.12
    103.50   -27.46    79.62    13.32
    103.94   -29.03    -9.44     1.00
     93.86   -24.60    52.97    21.00
     95.57   -24.66    42.29    26.95
     96.51   -28.16    26.24     9.77
     96.26   -28.43    34.63    14.44
     93.75   -26.27   100.93    22.81
     95.03   -25.14    59.61    23.23
     95.00   -23.85    22.29    18.50
     94.39   -23.80    33.10    15.42
     94.56   -22.87    26.13     8.34
     95.80   -20.46   -39.72    29.41
     93.70   -24.08    25.89    19.81
     96.11   -13.91    29.28    16.19
     96.92   -14.27    28.65    12.44
     97.82   -13.93    17.16     3.03
     99.11   -14.34    24.32    10.07
     98.47   -14.98     8.86    11.38
     98.82   -14.77     0.69    16.56
    100.19   -14.56    11.20     9.45
     96.45   -14.55    20.16    10.80
     95.36   -14.49    22.82    12.81
     94.49   -15.14    23.96     8.07
     95.07   -15.38     3.41    19.38
     97.20   -14.59    11.93    11.74
     97.68   -14.69    14.13    11.02
     93.57   -14.17    38.18     6.35
     93.19   -14.19    43.19     6.23
     93.29   -13.94    40.73     8.70
     92.26   -14.04    45.14    -3.89
     92.08   -13.21    43.36    -9.46
     91.93   -10.78    57.98     5.29
     91.28   -11.12    49.64    12.94
     90.56   -11.15    44.41     9.82
     94.95   -11.62    41.04     4.36
     96.96   -11.39     7.50     3.19
     93.22   -10.52    74.06     3.90
     94.20   -10.40    79.79     4.25
     95.34   -10.51    59.54     6.02
     95.81   -10.12    35.36     4.11
     94.62    -9.63    45.98     6.34
     95.85   -11.94    39.86     8.39
    106.78   -12.09    17.08     6.31
    104.63   -11.45    46.31    13.55
    105.61   -11.27    47.17     6.05
    106.93    -9.56    72.33    12.67
    105.80   -11.54    29.98    13.06
    107.23   -12.26    20.73     7.49
    106.93   -11.65    29.31    12.59
    108.30   -12.97    -0.59     8.12
    109.20   -13.49     2.89    10.57
    104.44   -12.18    28.22     9.36
    103.05   -12.15    44.51     8.36
    105.62   -12.02    33.12     7.74
    104.86   -15.10   -81.52    24.39
    104.89   -14.52   -65.74    22.32
    104.23   -14.39   -63.90    23.08
    106.02   -14.47   -70.60    20.41
    103.77   -14.47   -63.24    21.75
    105.62   -15.11   -78.20    20.79
    106.24   -15.18   -81.75    16.28
    109.11   -14.82  -122.82    14.65
    107.55   -14.26   -90.05    13.41
    107.44   -15.48   -98.90    11.96
    106.08   -16.56   -46.24    18.79
    106.21   -17.37   -71.59    18.72
    110.27   -18.52  -109.28     1.60
    111.58   -18.26  -120.14    -4.75
    109.07   -19.57   -67.68     6.94
    109.33   -19.56   -67.91    10.87
    107.44   -18.56   -90.52    13.00
    106.54   -19.33   -80.54    17.89
    107.19   -19.60   -68.93    20.17
    108.02   -19.23   -74.79    11.88
    110.68   -18.66   -97.50     0.44
    110.13   -19.34   -78.28    10.55
    111.09   -19.38   -70.95     2.34
    110.23   -20.55   -37.55     6.74
    112.25   -20.74   -19.82     3.82
    111.11   -20.42   -21.20     5.15
    111.89   -20.29   -22.02     6.92
    112.86   -20.36   -17.30    11.80
    109.27   -21.70   -26.81    16.28
    108.35   -22.02   -24.68    15.77
    106.17   -22.29     0.86     7.63
    107.11   -16.18   -74.52    13.57
    106.74   -16.21   -65.95    13.53
    105.05   -16.84   -73.25    28.10
    102.87   -16.42   -77.98    35.75
    102.92   -15.56   -81.54    32.81
    104.29   -15.23   -84.15    27.80
    104.44   -16.11   -79.90    25.45
    105.23   -15.44   -82.75    23.35
    104.88   -13.60   -35.52    11.87
    106.84   -13.64   -40.11    10.70
    107.10   -19.32   -87.51    20.95
    108.17   -18.48  -101.77    12.52
    110.19   -18.02  -117.94     1.79
    110.08   -16.92   -75.13     2.68
    109.49   -15.49   -91.47    -1.84
    110.29   -15.44   -77.81     0.13
    109.37   -16.63   -78.41     6.88
    103.11   -10.56    59.73     3.98


