 LIMAYE.DAT
 S. S. Limaye:  "Jupiter:  New Estimates of the Mean Zonal Flow 
 at the Cloud Level,"  Icarus 65, 335-352 (1986).
  Latitude          North           South
  gra   cen     [u]  rms  N     [u]  rms  N
 59.04 55.26   -4.8  7.2  22   -3.0  7.4  54
 58.83 55.03   -3.0 10.0  22   -3.5  7.5  55
 58.62 54.81   -0.9 10.0  21   -3.3  8.0  54
 58.41 54.58    0.8  8.7  23   -3.2  7.8  55
 58.20 54.36    2.3  9.5  21   -3.3  6.7  56
 57.99 54.14    3.4  7.8  17   -3.3  7.8  54
 57.78 53.92    4.9 11.3  19   -3.3  8.6  66
 57.58 53.71    7.7  8.9  21   -3.5  9.0  65
 57.37 53.49   10.3 10.1  21   -3.4  7.8  60
 57.17 53.27   12.5  7.4  23   -3.9  8.2  57
 56.96 53.06   13.5  6.8  24   -4.1  8.4  62
 56.76 52.85   13.9  9.2  23   -3.2  9.7  58
 56.56 52.64   14.1  6.3  23   -2.2  9.6  59
 56.36 52.43   13.0  8.6  22   -1.9  7.8  60
 56.16 52.22   12.2  7.3  22   -1.4  6.7  59
 55.96 52.01   11.3  7.6  24   -0.1  6.6  65
 55.76 51.80    9.7  5.8  24    1.7  8.2  87
 55.57 51.60    7.6  5.6  24    3.7  8.6  91
 55.37 51.39    5.4  5.6  24    6.0  8.2  91
 55.17 51.19    3.6  6.3  24    8.6  8.2  89
 54.98 50.98    2.1  7.4 113   11.4  9.0  91
 54.79 50.78    0.4  5.9 112   14.6 10.9  87
 54.59 50.58   -1.1  5.9 114   17.9 12.4  92
 54.40 50.38   -2.2  5.7 113   22.1 11.2  84
 54.21 50.18   -3.3  5.8 114   27.0 10.1  83
 54.02 49.99   -4.4  5.4 115   30.8  9.8  86
 53.83 49.79   -5.5  6.2 114   33.5  9.3  88
 53.64 49.59   -6.5  4.9 113   35.6  7.8  90
 53.45 49.40   -7.4  5.1 113   36.3  7.4  91
 53.26 49.21   -8.2  4.2 113   35.7  7.3  92
 53.08 49.01   -9.1  4.9 115   34.3  8.0  92
 52.89 48.82   -9.6  5.7 114   32.0  9.0  92
 52.70 48.63   -9.7  5.6 114   28.8  9.1  95
 52.52 48.44   -9.8  6.9 115   25.0 10.0  92
 52.34 48.25  -10.3  7.6 114   20.8  9.1  92
 52.15 48.06  -11.0  6.8 113   16.6  8.1  92
 51.97 47.87  -11.9  5.7 113   12.7  6.6 109
 51.79 47.69  -12.5  6.1 113    9.6  6.3 111
 51.60 47.50  -12.6  6.9 113    7.3  6.3 111
 51.42 47.31  -12.5  6.6 113    5.4  5.6 111
 51.24 47.13  -11.9  6.0 125    3.6  6.0 112
 51.06 46.95  -11.0  7.2 125    2.1  5.4 112
 50.88 46.76  -10.4  6.5 127    0.5  4.7 112
 50.70 46.58   -9.5  6.0 126   -1.2  5.0 111
 50.52 46.40   -8.0  6.1 126   -2.8  4.7 111
 50.35 46.22   -6.2  5.9 127   -4.3  4.5 109
 50.17 46.04   -4.5  6.2 126   -5.5  4.5 120
 49.99 45.86   -2.6  5.7 127   -6.6  4.8 122
 49.82 45.68   -0.3  5.9 127   -7.3  4.0 121
 49.64 45.50    2.3  5.3 126   -7.7  4.1 122
 49.47 45.32    5.2  5.8 126   -8.0  4.2 122
 49.29 45.15    8.6  6.2 125   -8.0  4.3 122
 49.12 44.97   12.7  6.1 124   -7.9  5.1 122
 48.94 44.80   17.2  6.3 126   -7.6  5.5 122
 48.77 44.62   21.6  6.7 125   -6.9  5.3 121
 48.60 44.45   25.4  6.4 126   -6.1  4.9 121
 48.42 44.27   27.8  5.5 125   -5.0  4.5 121
 48.25 44.10   28.5  4.9 125   -3.7  4.0 121
 48.08 43.93   27.6  4.6 126   -2.0  4.7 121
 47.91 43.76   25.5  4.6 126   -0.4  5.0 121
 47.74 43.58   22.9  4.2 126    1.2  5.8 122
 47.57 43.41   19.9  4.8 127    2.6  5.3 122
 47.40 43.24   16.7  4.4 127    3.9  5.4 122
 47.23 43.07   13.5  3.8 126    5.1  5.3 122
 47.06 42.91   10.6  3.6 126    6.3  5.3 122
 46.89 42.74    8.0  3.4 125    7.8  6.1 121
 46.73 42.57    6.1  3.2 126    9.2  5.9 121
 46.56 42.40    4.6  2.9 126   10.6  6.2 121
 46.39 42.24    3.3  2.6 126   12.1  5.4 121
 46.22 42.07    2.1  2.9 126   13.7  4.8 121
 46.06 41.91    1.0  3.2 127   15.2  4.9 122
 45.89 41.74    0.2  3.4 126   16.5  5.0 121
 45.73 41.58   -0.4  3.4 125   17.9  4.7 122
 45.56 41.41   -1.0  3.4 125   19.4  5.0 122
 45.40 41.25   -1.4  3.4 127   21.0  5.0 122
 45.23 41.09   -1.4  3.4 126   22.6  5.2 122
 45.07 40.92   -1.1  3.9 127   24.6  5.2 121
 44.91 40.76   -0.2  3.9 126   26.8  5.4 122
 44.74 40.60    0.7  4.3 126   28.9  6.3 123
 44.58 40.44    2.0  4.2 126   31.2  5.2 119
 44.42 40.28    3.4  4.5 126   34.0  5.9 119
 44.26 40.12    4.8  4.9 126   36.8  6.0 119
 44.09 39.96    6.5  5.1 126   39.2  6.3 119
 43.93 39.80    8.7  4.5 126   41.0  5.1 119
 43.77 39.64   11.5  5.4 126   42.0  5.3 119
 43.61 39.48   14.7  5.9 126   42.1  5.5 120
 43.45 39.33   17.6  5.9 127   41.3  5.6 121
 43.29 39.17   19.8  5.1 126   39.6  5.3 120
 43.13 39.01   21.3  5.6 127   37.1  5.5 119
 42.97 38.86   21.8  5.0 127   33.9  5.6 121
 42.81 38.70   20.9  5.0 126   30.4  5.8 120
 42.65 38.55   19.1  5.4 126   26.7  5.2 120
 42.49 38.39   16.6  5.5 127   22.8  5.6 122
 42.34 38.24   13.5  5.4 126   19.2  6.2 123
 42.18 38.08   10.3  4.8 126   15.9  5.8 123
 42.02 37.93    7.6  4.0 126   13.0  5.1 123
 41.86 37.77    5.3  4.0 126   10.8  4.5 123
 41.71 37.62    3.3  4.1 126    9.2  4.1 123
 41.55 37.47    1.3  3.9 126    8.2  3.9 123
 41.39 37.32   -0.8  4.2 126    7.5  3.8 124
 41.24 37.17   -2.8  3.9 126    7.0  3.6 123
 41.08 37.01   -4.6  3.8 126    6.6  3.6 124
 40.92 36.86   -6.4  3.6 127    6.2  3.5 124
 40.77 36.71   -8.0  3.8 126    5.8  3.5 124
 40.61 36.56   -9.5  3.3 126    5.4  3.3 124
 40.46 36.41  -10.7  3.7 126    4.9  3.4 124
 40.31 36.26  -11.9  3.3 126    4.4  3.4 124
 40.15 36.11  -12.9  3.2 126    4.0  3.7 125
 40.00 35.97  -13.6  3.9 127    3.7  3.3 124
 39.84 35.82  -14.1  3.3 126    3.5  3.4 124
 39.69 35.67  -14.6  3.5 126    3.5  3.5 124
 39.54 35.52  -14.8  3.6 126    3.7  3.5 124
 39.38 35.37  -14.8  3.7 126    4.1  3.3 124
 39.23 35.23  -14.3  3.8 126    4.6  3.4 124
 39.08 35.08  -13.4  3.9 126    5.3  3.5 125
 38.93 34.93  -12.0  4.0 126    6.0  3.3 125
 38.77 34.79  -10.4  3.9 127    6.9  3.4 125
 38.62 34.64   -8.6  4.1 126    7.8  3.6 125
 38.47 34.50   -6.7  4.1 126    8.7  3.9 125
 38.32 34.35   -4.5  4.2 126    9.7  3.7 124
 38.17 34.21   -2.2  4.3 126   10.9  4.5 124
 38.02 34.06    0.4  4.9 127   12.4  5.1 124
 37.87 33.92    3.2  4.1 127   14.2  5.0 124
 37.72 33.78    6.1  5.0 126   16.4  4.8 124
 37.57 33.63    9.2  5.3 126   18.9  5.6 125
 37.42 33.49   12.4  5.5 126   21.8  5.8 125
 37.27 33.35   15.6  5.6 126   24.7  6.5 125
 37.12 33.20   18.4  5.8 126   27.4  5.4 124
 36.97 33.06   21.1  5.6 126   29.4  5.3 124
 36.82 32.92   23.9  5.9 127   30.6  5.5 124
 36.67 32.78   26.8  5.7 126   31.3  5.7 124
 36.52 32.64   29.3  5.5 126   31.6  5.6 124
 36.37 32.50   31.0  5.4 127   31.2  5.9 123
 36.23 32.36   32.2  3.7 127   29.6  6.5 123
 36.08 32.22   33.1  3.4 126   27.3  7.2 123
 35.93 32.08   33.8  3.3 126   24.4  7.8 125
 35.78 31.94   34.3  3.2 126   21.4  6.9 124
 35.63 31.80   34.5  3.2 126   18.3  7.3 125
 35.49 31.66   34.5  3.0 126   15.9  6.2 124
 35.34 31.52   34.0  3.0 126   13.8  5.7 124
 35.19 31.38   33.1  3.2 126   11.8  5.3 124
 35.05 31.24   32.1  3.2 126    9.8  4.8 124
 34.90 31.10   30.9  3.0 126    7.9  5.0 125
 34.75 30.97   29.4  3.0 126    6.1  4.3 125
 34.61 30.83   27.8  3.0 126    4.5  3.9 125
 34.46 30.69   25.8  3.2 126    3.0  4.0 124
 34.32 30.55   23.6  3.5 127    1.4  4.0 124
 34.17 30.42   21.4  4.1 127   -0.2  4.2 124
 34.03 30.28   18.9  3.6 127   -2.0  4.8 124
 33.88 30.14   16.0  4.3 126   -3.8  4.7 124
 33.74 30.01   12.4  5.0 127   -5.7  4.9 124
 33.59 29.87    8.0  4.8 126   -8.0  5.1 124
 33.45 29.74    2.9  5.1 126  -10.4  5.0 124
 33.30 29.60   -2.5  5.8 126  -12.8  5.2 124
 33.16 29.47   -7.5  4.8 126  -15.2  5.7 123
 33.01 29.33  -11.9  4.6 126  -17.3  5.6 124
 32.87 29.20  -15.7  4.8 125  -19.0  6.3 124
 32.72 29.06  -19.0  4.7 125  -20.2  6.5 124
 32.58 28.93  -22.1  5.5 127  -20.8  6.9 123
 32.44 28.80  -24.9  5.2 127  -20.5  6.9 123
 32.29 28.66  -27.3  4.7 126  -19.4  7.0 123
 32.15 28.53  -29.0  4.0 126  -17.6  7.5 122
 32.01 28.39  -30.3  3.5 126  -15.2  7.7 125
 31.87 28.26  -31.2  3.4 126  -12.7  6.8 125
 31.72 28.13  -31.8  3.4 126  -10.2  6.3 125
 31.58 28.00  -32.0  3.3 126   -7.5  6.5 124
 31.44 27.86  -31.7  3.7 127   -4.9  5.7 124
 31.30 27.73  -30.7  3.9 126   -2.6  5.3 124
 31.15 27.60  -29.0  4.6 126   -0.1  4.4 124
 31.01 27.47  -26.8  5.0 126    2.4  4.4 125
 30.87 27.34  -24.4  5.5 125    4.9  4.1 124
 30.73 27.21  -21.9  5.9 127    7.5  4.5 124
 30.59 27.08  -19.4  5.9 126   10.2  5.0 124
 30.44 26.94  -16.5  5.8 126   13.0  5.1 124
 30.30 26.81  -13.5  6.1 126   15.9  5.8 124
 30.16 26.68  -10.5  6.8 125   19.0  5.8 123
 30.02 26.55   -7.1  6.6 124   22.7  6.3 123
 29.88 26.42   -3.3  6.4 123   27.0  6.9 124
 29.74 26.29    0.8  6.6 122   31.3  5.8 123
 29.60 26.16    5.1  6.3 125   34.7  6.0 122
 29.46 26.03    9.0  5.4 126   37.0  5.3 123
 29.32 25.91   12.2  4.9 126   38.8  4.4 123
 29.18 25.78   15.0  4.4 125   40.1  4.3 124
 29.04 25.65   17.2  4.1 126   40.9  3.5 124
 28.90 25.52   18.9  3.5 125   41.0  3.7 124
 28.76 25.39   20.4  4.0 127   40.5  4.1 124
 28.62 25.26   21.7  3.4 126   40.0  4.0 124
 28.48 25.13   23.0  3.6 125   39.7  4.0 124
 28.34 25.01   24.4  3.7 125   39.7  4.2 123
 28.20 24.88   26.2  3.5 125   39.8  4.0 123
 28.06 24.75   28.2  3.3 124   40.2  3.5 123
 27.92 24.62   30.5  3.3 124   40.6  3.7 124
 27.78 24.50   32.9  3.8 124   41.0  3.3 123
 27.64 24.37   35.5  3.8 123   41.5  3.6 123
 27.51 24.24   38.3  3.3 124   42.1  3.8 123
 27.37 24.12   41.2  3.5 123   42.8  3.8 123
 27.23 23.99   44.1  3.8 123   43.5  3.4 122
 27.09 23.86   46.8  4.0 124   44.0  3.6 122
 26.95 23.74   49.5  3.6 123   44.3  3.5 122
 26.81 23.61   52.1  3.8 124   44.2  3.7 122
 26.68 23.49   54.6  3.7 122   43.5  3.7 123
 26.54 23.36   57.1  3.5 122   42.4  3.8 123
 26.40 23.23   60.0  4.3 123   40.8  4.2 123
 26.26 23.11   63.1  4.9 124   39.0  4.8 122
 26.13 22.98   66.5  4.3 123   37.1  4.9 123
 25.99 22.86   70.5  4.7 124   35.2  5.1 123
 25.85 22.73   74.8  4.5 123   33.4  5.0 123
 25.71 22.61   79.2  6.2 121   31.5  5.4 123
 25.58 22.49   84.0  7.1 121   29.6  5.6 121
 25.44 22.36   89.0  6.5 117   27.5  5.6 122
 25.30 22.24   94.2  7.8 116   25.4  5.2 121
 25.17 22.11   99.9  8.3 110   23.2  5.0 120
 25.03 21.99  106.2  9.5 113   20.8  5.3 117
 24.89 21.87  113.1 10.8 108   18.5  5.4 120
 24.76 21.74  120.5 11.6  94   16.5  4.7 115
 24.62 21.62  129.5 12.2  62   14.6  5.5 109
 24.48 21.50  140.1 13.2  58   12.7  5.9 101
 24.35 21.37  149.5 11.0  80   10.6  6.8 108
 24.21 21.25  155.3 10.0  94    8.5  6.7 110
 24.07 21.13  159.2 11.2  99    6.4  4.4 109
 23.94 21.00  161.8  9.6  96    4.4  4.6 108
 23.80 20.88  163.0  7.3 109    2.3  4.4 106
 23.67 20.76  162.3  5.6 119    0.1  5.6 114
 23.53 20.64  160.1  5.2 123   -2.5  4.3 117
 23.40 20.51  156.8  5.2 126   -5.5  4.9 120
 23.26 20.39  153.1  5.1 125   -8.6  5.6 123
 23.12 20.27  149.2  4.9 125  -11.8  6.1 122
 22.99 20.15  144.6  5.0 124  -14.9  6.7 122
 22.85 20.03  139.1  6.0 126  -17.9  7.8 124
 22.72 19.91  132.6  6.7 123  -20.8  8.0 124
 22.58 19.78  125.3  7.3 124  -23.4  7.6 123
 22.45 19.66  117.6  6.4 124  -25.8  7.8 123
 22.31 19.54  110.1  6.8 125  -27.9  7.7 124
 22.18 19.42  102.8  6.3 125  -29.8  7.4 124
 22.04 19.30   95.7  6.8 126  -31.7  7.0 123
 21.91 19.18   89.3  6.4 126  -33.5  6.9 124
 21.78 19.06   83.5  5.8 126  -35.4  6.9 123
 21.64 18.94   78.0  5.8 126  -37.4  6.5 124
 21.51 18.82   72.2  6.1 126  -39.6  5.7 124
 21.37 18.70   66.0  5.7 124  -42.1  5.1 124
 21.24 18.58   59.6  6.5 126  -44.4  5.4 124
 21.10 18.46   53.2  6.2 126  -46.7  4.8 124
 20.97 18.34   46.9  5.8 126  -48.9  4.2 124
 20.84 18.22   40.6  6.6 126  -51.0  4.4 124
 20.70 18.10   34.5  5.8 126  -52.8  4.0 124
 20.57 17.98   29.0  5.6 124  -54.2  4.1 124
 20.43 17.86   23.9  5.0 124  -55.4  4.5 123
 20.30 17.74   19.0  5.7 126  -56.0  4.8 125
 20.17 17.62   14.6  4.9 126  -56.4  4.0 123
 20.03 17.50   10.9  4.5 126  -56.6  4.2 123
 19.90 17.38    7.6  4.3 126  -56.5  4.5 123
 19.77 17.26    4.7  4.4 126  -56.0  5.5 124
 19.63 17.15    2.1  4.3 126  -55.3  5.2 124
 19.50 17.03   -0.4  4.2 127  -54.6  5.3 124
 19.37 16.91   -3.0  4.3 126  -53.6  6.0 124
 19.23 16.79   -5.6  4.1 126  -52.5  6.5 124
 19.10 16.67   -8.1  4.0 126  -51.3  7.1 124
 18.97 16.55  -10.6  4.2 126  -50.1  6.8 123
 18.83 16.44  -12.9  4.2 126  -48.9  7.5 122
 18.70 16.32  -15.3  4.3 126  -47.9  7.6 122
 18.57 16.20  -17.5  4.6 126  -47.0  8.2 124
 18.44 16.08  -19.4  4.4 126  -45.9  8.4 124
 18.30 15.96  -21.0  4.3 126  -44.6  8.0 123
 18.17 15.85  -22.2  4.5 126  -43.1  8.4 122
 18.04 15.73  -23.3  4.6 126  -41.3  8.6 122
 17.91 15.61  -23.9  4.3 126  -39.2  8.7 123
 17.77 15.50  -24.2  4.2 126  -36.9  8.9 122
 17.64 15.38  -24.3  4.1 126  -34.3  9.5 123
 17.51 15.26  -23.8  4.5 126  -31.3  8.8 122
 17.38 15.14  -22.8  4.5 127  -28.2  8.1 122
 17.24 15.03  -21.4  5.3 127  -25.3  8.5 123
 17.11 14.91  -19.8  4.9 126  -22.8  8.4 123
 16.98 14.79  -17.9  4.8 126  -20.3  8.6 124
 16.85 14.68  -15.6  5.2 126  -17.6  7.5 123
 16.72 14.56  -13.2  5.6 126  -14.7  7.0 124
 16.58 14.44  -11.0  5.1 126  -12.0  6.2 124
 16.45 14.33   -9.1  4.8 125   -9.7  6.3 124
 16.32 14.21   -7.3  5.2 127   -7.4  6.0 124
 16.19 14.09   -5.7  4.9 126   -5.4  5.6 124
 16.06 13.98   -4.2  4.3 126   -3.3  5.2 124
 15.93 13.86   -2.8  3.7 126   -1.3  5.1 124
 15.79 13.75   -1.4  3.5 126    0.5  5.1 124
 15.66 13.63   -0.1  3.4 126    2.3  5.2 124
 15.53 13.52    1.2  3.3 126    4.0  5.0 124
 15.40 13.40    2.6  3.3 126    5.7  4.9 124
 15.27 13.28    4.2  3.4 126    7.3  5.4 124
 15.14 13.17    5.9  3.5 126    8.9  5.5 125
 15.01 13.05    7.7  3.7 126   10.6  5.7 125
 14.88 12.94    9.6  3.7 126   12.2  6.0 124
 14.74 12.82   11.8  4.0 126   13.7  6.4 124
 14.61 12.71   14.2  4.1 126   15.1  7.1 124
 14.48 12.59   16.8  4.4 126   15.9  7.2 124
 14.35 12.48   19.6  4.6 126   16.4  7.3 124
 14.22 12.36   22.5  4.9 126   16.6  7.5 124
 14.09 12.25   25.3  5.2 126   16.7  7.9 124
 13.96 12.13   27.9  5.4 126   16.8  8.5 125
 13.83 12.02   30.3  5.3 126   16.9  8.3 125
 13.70 11.90   32.4  5.3 126   17.1  8.0 125
 13.57 11.79   34.3  4.9 124   17.2  7.9 125
 13.44 11.67   36.0  4.5 126   17.5  7.5 125
 13.30 11.56   37.5  4.7 126   17.9  7.6 125
 13.17 11.44   38.8  4.6 126   18.3  7.5 125
 13.04 11.33   40.0  4.3 126   18.9  7.9 124
 12.91 11.22   41.3  4.8 126   19.4  7.6 124
 12.78 11.10   42.5  4.6 126   20.0  7.4 124
 12.65 10.99   43.7  4.9 126   20.8  7.7 125
 12.52 10.87   44.8  4.8 126   21.9  7.3 125
 12.39 10.76   45.8  4.9 126   23.3  7.0 125
 12.26 10.64   46.7  4.8 126   24.7  6.6 125
 12.13 10.53   47.5  4.6 126   26.2  6.3 124
 12.00 10.42   48.3  4.7 126   27.7  5.8 124
 11.87 10.30   49.1  5.0 126   29.2  6.5 125
 11.74 10.19   49.9  4.7 126   30.7  6.3 124
 11.61 10.08   50.8  4.6 126   32.2  6.4 124
 11.48  9.96   51.6  4.6 126   33.7  6.4 124
 11.35  9.85   52.4  5.0 126   35.4  6.2 124
 11.22  9.74   53.3  5.0 126   37.3  6.3 124
 11.09  9.62   54.4  4.8 126   39.3  7.1 124
 10.96  9.51   55.8  5.3 126   41.7  7.0 124
 10.83  9.39   57.3  6.0 127   44.3  7.0 124
 10.70  9.28   59.1  5.5 126   47.0  6.7 124
 10.57  9.17   60.9  5.6 126   49.6  7.2 124
 10.44  9.06   63.0  5.4 126   52.4  7.0 124
 10.31  8.94   65.2  5.6 126   55.3  7.1 124
 10.18  8.83   67.5  5.9 126   58.3  6.7 124
 10.05  8.72   69.9  6.2 126   61.4  7.7 124
  9.92  8.60   72.3  6.3 127   64.6  8.0 124
  9.79  8.49   74.5  6.2 127   67.9  8.3 124
  9.66  8.38   76.7  6.8 127   71.3  8.4 123
  9.53  8.26   79.3  5.7 126   75.1  8.4 123
  9.40  8.15   82.1  6.0 126   78.7  8.6 124
  9.27  8.04   85.0  6.1 126   82.0  8.4 124
  9.14  7.93   87.8  6.1 126   85.0  7.3 124
  9.02  7.81   90.4  5.9 125   87.7  7.3 124
  8.89  7.70   92.8  6.3 125   90.0  7.2 123
  8.76  7.59   95.1  6.7 126   92.0  7.7 123
  8.63  7.48   96.8  6.4 126   93.7  7.7 124
  8.50  7.36   98.0  6.8 126   95.4  7.4 124
  8.37  7.25   99.2  7.1 127   97.3  7.3 124
  8.24  7.14  100.2  6.9 127   99.2  6.7 123
  8.11  7.03  100.9  7.3 127  101.1  7.7 125
  7.98  6.91  101.5  6.5 127  103.5  9.2 125
  7.85  6.80  102.1  6.6 127  106.1 10.0 122
  7.72  6.69  102.5  6.3 127  108.8  9.6 121
  7.59  6.58  102.7  6.4 126  112.0 10.9 120
  7.46  6.46  102.8  6.7 126  116.3 10.9 120
  7.34  6.35  103.0  6.1 126  120.6 11.8 120
  7.21  6.24  103.1  6.2 126  124.0 10.9 121
  7.08  6.13  103.2  6.1 126  126.4 10.5 124
  6.95  6.02  103.2  5.8 126  128.1  9.7 123
  6.82  5.90  103.0  6.3 126  128.4  9.3 119
  6.69  5.79  102.8  6.0 126  127.6  8.7 121
  6.56  5.68  102.7  6.6 126  126.2  9.5 121
  6.43  5.57  102.7  6.6 126  124.1 10.2 124
  6.30  5.46  102.7  5.9 127  121.5 10.1 123
  6.17  5.34  102.6  6.0 126  118.4  9.7 122
  6.04  5.23  102.4  6.0 126  115.3  9.3 123
  5.92  5.12  102.2  6.2 126  112.6  9.3 124
  5.79  5.01  102.2  6.3 126  110.2  9.6 122
  5.66  4.90  102.3  6.9 126  108.1  9.3 122
  5.53  4.79  102.2  7.1 126  106.1  8.2 123
  5.40  4.67  101.9  6.9 125  104.5  8.1 121
  5.27  4.56  101.7  7.1 124  102.9  9.3 123
  5.14  4.45  101.4  7.2 125  101.3  9.3 120
  5.01  4.34  101.3  7.2 126  100.1  8.8 122
  4.89  4.23  101.2  6.6 126   99.1  9.1 120
  4.76  4.12  100.9  6.1 126   97.6  9.9 120
  4.63  4.00  100.6  6.2 126   96.3  9.9 123
  4.50  3.89  100.3  6.6 126   95.3  8.6 119
  4.37  3.78  100.0  6.8 126   94.4  9.8 120
  4.24  3.67   99.6  7.0 126   93.5  9.9 119
  4.11  3.56   99.3  7.2 125   92.9  8.9 122
  3.98  3.45   98.9  6.4 124   92.4  8.9 122
  3.86  3.34   98.5  6.3 126   91.9  8.7 123
  3.73  3.22   97.9  6.9 126   91.3  8.8 123
  3.60  3.11   97.7  7.0 126   90.6  9.6 114
  3.47  3.00   97.5  6.3 126   90.0  9.3 117
  3.34  2.89   97.3  6.5 125   89.7 10.4 118
  3.21  2.78   97.0  6.7 125   88.9  9.9 114
  3.08  2.67   96.7  6.8 125   87.8 10.8 117
  2.96  2.56   96.4  6.9 126   86.7 10.6 118
  2.83  2.45   95.9  7.0 126   86.0 10.6 111
  2.70  2.33   95.2  6.8 126   85.5 10.6 114
  2.57  2.22   94.5  6.9 126   85.2 11.3 113
  2.44  2.11   93.9  7.3 126   84.8 10.9 118
  2.31  2.00   93.3  7.3 126   84.5 11.0 116
  2.18  1.89   92.9  8.4 126   84.8 11.3 120
  2.06  1.78   92.4  7.9 125   85.6 10.4 117
  1.93  1.67   92.0  8.4 125   86.5 11.0 117
  1.80  1.56   91.4  8.4 124   86.9 10.9 114
  1.67  1.44   90.7  8.6 124   86.3 11.6 115
  1.54  1.33   90.2  8.7 123   85.7 11.0 118
  1.41  1.22   89.7  9.6 122   86.0  9.9 115
  1.28  1.11   88.9  8.9 122   86.4 10.7 118
  1.16  1.00   88.1  9.0 122   86.7 10.4 118
  1.03  0.89   87.3  9.4 123   86.8 10.5 119
  0.90  0.78   86.6 10.4 125   86.6 10.0 121
  0.77  0.67   86.1  9.7 126   86.2 11.1 115
  0.64  0.56   85.8  9.8 126   86.0 10.5 116
  0.51  0.44   85.6  9.9 124   85.8 11.2 122
  0.39  0.33   85.7  9.3 122   85.6 11.3 123
  0.26  0.22   85.6  9.9 118   85.4 10.9 118
  0.13  0.11   85.2  9.3 121   85.1 10.9 118
  0.00  0.00   84.9  9.7 123   84.9  9.7 123
