 Idealized temperature versus pressure for Neptune.
 Profile from LeBeau & Dowling (1998, Icarus) (13) and
 Fig. 3, the "N^2 = 0.64e-4" case.
 Extended above 0.6 hPa assuming T = const (need better profile).
 .
#    p[hPa]   T[K]   dT[K]
78
      0.05   126.5    0.
      0.06   126.5    0.
      0.07   126.5    0.
      0.08   126.5    0.
      0.09   126.5    0.
      0.1    126.5    0.
      0.2    126.5    0.
      0.3    126.5    0.
      0.4    126.5    0.
      0.5    126.5    0.
      0.6    126.5    0.
      0.7    124.5    0.
      0.8    123.5    0.
      0.9    122.5    0.
      1.0    121.5    0.
      2.0    120.5    0.
      3.0    110.0    0.
      4.0     96.5    0.
      5.0     88.5    0.
      6.0     77.0    0.
      7.0     72.0    0.
      8.0     68.5    0.
      9.0     66.5    0.
     10.0     63.5    0.
     20.0     56.0    0.
     30.0     53.25   0.
     40.0     52.25   0.
     50.0     51.25   0.
     60.0     51.0    0.
     70.0     50.75   0.
     80.0     50.5    0.
     90.0     50.25   0.
    100.0     50.0    0.
    200.0     52.5    0.
    300.0     54.5    0.
    318.709   56.     0.
    358.955   58.     0.
    403.241   60.     0.
    451.916   62.     0.
    505.359   64.     0.
    563.984   66.     0.
    628.240   68.     0.
    698.618   70.     0.
    775.653   72.     0.
    859.930   74.     0.
    952.086   76.     0.
    1052.82   78.     0.
    1162.90   80.     0.
    1283.17   82.     0.
    1414.54   84.     0.
    1558.02   86.     0.
    1714.74   88.     0.
    1885.91   90.     0.
    2072.89   92.     0.
    2277.17   94.     0.
    2500.39   96.     0.
    2744.37   98.     0.
    3011.15  100.     0.
    3302.95  102.     0.
    3622.27  104.     0.
    3971.89  106.     0.
    4354.89  108.     0.
    4774.72  110.     0.
    5235.25  112.     0.
    5740.79  114.     0.
    6296.21  116.     0.
    6906.96  118.     0.
    7579.19  120.     0.
    8319.86  122.     0.
    9136.83  124.     0.
   10039.00  126.     0.
   11036.60  128.     0.
   12141.10  130.     0.
   13365.70  132.     0.
   14725.70  134.     0.
   16238.40  136.     0.
   17923.90  138.     0.
   19805.50  140.     0.
