Idealized zonal winds of Neptune.  This is the 'Qy=0' case from
the archive of LeBeau and Dowling (1998, Icarus). 




     721
     -90.0000      0.00000
     -89.7500    0.0445467
     -89.5000     0.178164
     -89.2500     0.400742
     -89.0000     0.712143
     -88.7500      1.11216
     -88.5000      1.60051
     -88.2500      2.17685
     -88.0000      2.84080
     -87.7500      3.59191
     -87.5000      4.42964
     -87.2500      5.35343
     -87.0000      6.36267
     -86.7500      7.45661
     -86.5000      8.63451
     -86.2500      9.89562
     -86.0000      11.2390
     -85.7500      12.6639
     -85.5000      14.1691
     -85.2500      15.7537
     -85.0000      17.4167
     -84.7500      19.1568
     -84.5000      20.9728
     -84.2500      22.8636
     -84.0000      24.8278
     -83.7500      26.8640
     -83.5000      28.9709
     -83.2500      31.1471
     -83.0000      33.3911
     -82.7500      35.7013
     -82.5000      38.0760
     -82.2500      40.5139
     -82.0000      43.0130
     -81.7500      45.5717
     -81.5000      48.1883
     -81.2500      50.8609
     -81.0000      53.5879
     -80.7500      56.3671
     -80.5000      59.1968
     -80.2500      62.0751
     -80.0000      64.9999
     -79.7500      67.9692
     -79.5000      70.9812
     -79.2500      74.0334
     -79.0000      77.1241
     -78.7500      80.2510
     -78.5000      83.4120
     -78.2500      86.6050
     -78.0000      89.8276
     -77.7500      93.0778
     -77.5000      96.3534
     -77.2500      99.6520
     -77.0000      102.971
     -76.7500      106.309
     -76.5000      109.663
     -76.2500      113.031
     -76.0000      116.411
     -75.7500      119.800
     -75.5000      123.196
     -75.2500      126.597
     -75.0000      130.000
     -74.7500      133.403
     -74.5000      136.804
     -74.2500      140.199
     -74.0000      143.589
     -73.7500      146.968
     -73.5000      150.336
     -73.2500      153.690
     -73.0000      157.028
     -72.7500      160.348
     -72.5000      163.646
     -72.2500      166.922
     -72.0000      170.172
     -71.7500      173.395
     -71.5000      176.588
     -71.2500      179.749
     -71.0000      182.876
     -70.7500      185.966
     -70.5000      189.019
     -70.2500      192.030
     -70.0000      195.000
     -69.7500      197.925
     -69.5000      200.803
     -69.2500      203.633
     -69.0000      206.412
     -68.7500      209.139
     -68.5000      211.811
     -68.2500      214.428
     -68.0000      216.987
     -67.7500      219.486
     -67.5000      221.924
     -67.2500      224.298
     -67.0000      226.609
     -66.7500      228.853
     -66.5000      231.029
     -66.2500      233.136
     -66.0000      235.172
     -65.7500      237.136
     -65.5000      239.027
     -65.2500      240.843
     -65.0000      242.583
     -64.7500      244.246
     -64.5000      245.831
     -64.2500      247.336
     -64.0000      248.761
     -63.7500      250.104
     -63.5000      251.365
     -63.2500      252.543
     -63.0000      253.637
     -62.7500      254.646
     -62.5000      255.570
     -62.2500      256.408
     -62.0000      257.159
     -61.7500      257.823
     -61.5000      258.399
     -61.2500      258.888
     -61.0000      259.288
     -60.7500      259.599
     -60.5000      259.822
     -60.2500      259.955
     -60.0000      260.000
     -59.7500      260.000
     -59.5000      260.000
     -59.2500      260.000
     -59.0000      260.000
     -58.7500      260.000
     -58.5000      260.000
     -58.2500      260.000
     -58.0000      260.000
     -57.7500      260.000
     -57.5000      260.000
     -57.2500      260.000
     -57.0000      260.000
     -56.7500      260.000
     -56.5000      260.000
     -56.2500      260.000
     -56.0000      260.000
     -55.7500      260.000
     -55.5000      260.000
     -55.2500      260.000
     -55.0000      260.000
     -54.7500      260.046
     -54.5000      260.160
     -54.2500      260.302
     -54.0000      260.435
     -53.7500      260.520
     -53.5000      260.518
     -53.2500      260.391
     -53.0000      260.102
     -52.7500      259.610
     -52.5000      258.879
     -52.2500      257.870
     -52.0000      256.544
     -51.7500      254.863
     -51.5000      252.788
     -51.2500      250.282
     -51.0000      247.305
     -50.7500      243.820
     -50.5000      239.787
     -50.2500      235.170
     -50.0000      229.928
     -49.7500      224.025
     -49.5000      217.421
     -49.2500      210.078
     -49.0000      201.957
     -48.7500      193.021
     -48.5000      183.231
     -48.2500      172.549
     -48.0000      161.407
     -47.7500      150.396
     -47.5000      139.513
     -47.2500      128.757
     -47.0000      118.127
     -46.7500      107.623
     -46.5000      97.2420
     -46.2500      86.9837
     -46.0000      76.8468
     -45.7500      66.8303
     -45.5000      56.9331
     -45.2500      47.1542
     -45.0000      37.4927
     -44.7500      27.9474
     -44.5000      18.5174
     -44.2500      9.20196
     -44.0000      0.00000
     -43.7500     -9.08930
     -43.5000     -18.0668
     -43.2500     -26.9333
     -43.0000     -35.6897
     -42.7500     -44.3367
     -42.5000     -52.8751
     -42.2500     -61.3057
     -42.0000     -69.6291
     -41.7500     -77.8461
     -41.5000     -85.9575
     -41.2500     -93.9637
     -41.0000     -101.866
     -40.7500     -109.664
     -40.5000     -117.359
     -40.2500     -124.951
     -40.0000     -132.442
     -39.7500     -139.831
     -39.5000     -147.119
     -39.2500     -154.307
     -39.0000     -161.396
     -38.7500     -168.385
     -38.5000     -175.276
     -38.2500     -182.068
     -38.0000     -188.763
     -37.7500     -195.360
     -37.5000     -201.860
     -37.2500     -208.264
     -37.0000     -214.573
     -36.7500     -220.785
     -36.5000     -226.903
     -36.2500     -232.925
     -36.0000     -238.854
     -35.7500     -244.688
     -35.5000     -250.429
     -35.2500     -256.076
     -35.0000     -261.631
     -34.7500     -267.093
     -34.5000     -272.463
     -34.2500     -277.740
     -34.0000     -282.926
     -33.7500     -288.021
     -33.5000     -293.025
     -33.2500     -297.938
     -33.0000     -302.760
     -32.7500     -307.492
     -32.5000     -312.134
     -32.2500     -316.686
     -32.0000     -321.149
     -31.7500     -325.523
     -31.5000     -329.807
     -31.2500     -334.003
     -31.0000     -338.110
     -30.7500     -342.128
     -30.5000     -346.058
     -30.2500     -349.901
     -30.0000     -353.655
     -29.7500     -357.322
     -29.5000     -360.901
     -29.2500     -364.393
     -29.0000     -367.798
     -28.7500     -371.115
     -28.5000     -374.346
     -28.2500     -377.490
     -28.0000     -380.547
     -27.7500     -383.518
     -27.5000     -386.403
     -27.2500     -389.201
     -27.0000     -391.914
     -26.7500     -394.540
     -26.5000     -397.080
     -26.2500     -399.535
     -26.0000     -401.903
     -25.7500     -404.187
     -25.5000     -406.384
     -25.2500     -408.496
     -25.0000     -410.523
     -24.7500     -412.465
     -24.5000     -414.321
     -24.2500     -416.092
     -24.0000     -417.778
     -23.7500     -419.379
     -23.5000     -420.895
     -23.2500     -422.326
     -23.0000     -423.672
     -22.7500     -424.933
     -22.5000     -426.110
     -22.2500     -427.201
     -22.0000     -428.208
     -21.7500     -429.130
     -21.5000     -429.967
     -21.2500     -430.719
     -21.0000     -431.387
     -20.7500     -431.970
     -20.5000     -432.468
     -20.2500     -432.881
     -20.0000     -433.210
     -19.7500     -433.454
     -19.5000     -433.614
     -19.2500     -433.688
     -19.0000     -433.678
     -18.7500     -433.583
     -18.5000     -433.403
     -18.2500     -433.138
     -18.0000     -432.789
     -17.7500     -432.354
     -17.5000     -431.835
     -17.2500     -431.231
     -17.0000     -430.541
     -16.7500     -429.767
     -16.5000     -428.907
     -16.2500     -427.962
     -16.0000     -426.932
     -15.7500     -425.817
     -15.5000     -424.616
     -15.2500     -423.330
     -15.0000     -421.959
     -14.7500     -420.501
     -14.5000     -418.959
     -14.2500     -417.330
     -14.0000     -415.616
     -13.7500     -413.816
     -13.5000     -411.930
     -13.2500     -409.957
     -13.0000     -407.899
     -12.7500     -405.754
     -12.5000     -403.524
     -12.2500     -401.206
     -12.0000     -398.802
     -11.7500     -396.312
     -11.5000     -393.735
     -11.2500     -391.070
     -11.0000     -388.319
     -10.7500     -385.481
     -10.5000     -382.555
     -10.2500     -379.543
     -10.0000     -376.442
     -9.75000     -373.254
     -9.50000     -369.979
     -9.25000     -366.615
     -9.00000     -363.164
     -8.75000     -359.624
     -8.50000     -355.996
     -8.25000     -352.279
     -8.00000     -348.474
     -7.75000     -344.580
     -7.50000     -340.598
     -7.25000     -336.526
     -7.00000     -332.365
     -6.75000     -328.114
     -6.50000     -323.774
     -6.25000     -319.344
     -6.00000     -314.825
     -5.75000     -310.215
     -5.50000     -305.515
     -5.25000     -300.724
     -5.00000     -295.843
     -4.75000     -290.871
     -4.50000     -285.808
     -4.25000     -280.653
     -4.00000     -275.407
     -3.75000     -270.070
     -3.50000     -264.640
     -3.25000     -259.119
     -3.00000     -253.505
     -2.75000     -247.799
     -2.50000     -242.000
     -2.25000     -236.108
     -2.00000     -230.123
     -1.75000     -224.045
     -1.50000     -217.873
     -1.25000     -211.607
     -1.00000     -205.247
    -0.750000     -198.793
    -0.500000     -192.244
    -0.250000     -185.600
      0.00000     -178.861
     0.250000     -185.600
     0.500000     -192.244
     0.750000     -198.793
      1.00000     -205.247
      1.25000     -211.607
      1.50000     -217.873
      1.75000     -224.045
      2.00000     -230.123
      2.25000     -236.108
      2.50000     -242.000
      2.75000     -247.799
      3.00000     -253.505
      3.25000     -259.119
      3.50000     -264.640
      3.75000     -270.070
      4.00000     -275.407
      4.25000     -280.653
      4.50000     -285.808
      4.75000     -290.871
      5.00000     -295.843
      5.25000     -300.724
      5.50000     -305.515
      5.75000     -310.215
      6.00000     -314.825
      6.25000     -319.344
      6.50000     -323.774
      6.75000     -328.114
      7.00000     -332.365
      7.25000     -336.526
      7.50000     -340.598
      7.75000     -344.580
      8.00000     -348.474
      8.25000     -352.279
      8.50000     -355.996
      8.75000     -359.624
      9.00000     -363.164
      9.25000     -366.615
      9.50000     -369.979
      9.75000     -373.254
      10.0000     -376.442
      10.2500     -379.543
      10.5000     -382.555
      10.7500     -385.481
      11.0000     -388.319
      11.2500     -391.070
      11.5000     -393.735
      11.7500     -396.312
      12.0000     -398.802
      12.2500     -401.206
      12.5000     -403.524
      12.7500     -405.754
      13.0000     -407.899
      13.2500     -409.957
      13.5000     -411.930
      13.7500     -413.816
      14.0000     -415.616
      14.2500     -417.330
      14.5000     -418.959
      14.7500     -420.501
      15.0000     -421.959
      15.2500     -423.330
      15.5000     -424.616
      15.7500     -425.817
      16.0000     -426.932
      16.2500     -427.962
      16.5000     -428.907
      16.7500     -429.767
      17.0000     -430.541
      17.2500     -431.231
      17.5000     -431.835
      17.7500     -432.354
      18.0000     -432.789
      18.2500     -433.138
      18.5000     -433.403
      18.7500     -433.583
      19.0000     -433.678
      19.2500     -433.688
      19.5000     -433.614
      19.7500     -433.454
      20.0000     -433.210
      20.2500     -432.881
      20.5000     -432.468
      20.7500     -431.970
      21.0000     -431.387
      21.2500     -430.719
      21.5000     -429.967
      21.7500     -429.130
      22.0000     -428.208
      22.2500     -427.201
      22.5000     -426.110
      22.7500     -424.933
      23.0000     -423.672
      23.2500     -422.326
      23.5000     -420.895
      23.7500     -419.379
      24.0000     -417.778
      24.2500     -416.092
      24.5000     -414.321
      24.7500     -412.465
      25.0000     -410.523
      25.2500     -408.496
      25.5000     -406.384
      25.7500     -404.187
      26.0000     -401.903
      26.2500     -399.535
      26.5000     -397.080
      26.7500     -394.540
      27.0000     -391.914
      27.2500     -389.201
      27.5000     -386.403
      27.7500     -383.518
      28.0000     -380.547
      28.2500     -377.490
      28.5000     -374.346
      28.7500     -371.115
      29.0000     -367.798
      29.2500     -364.393
      29.5000     -360.901
      29.7500     -357.322
      30.0000     -353.655
      30.2500     -349.901
      30.5000     -346.058
      30.7500     -342.128
      31.0000     -338.110
      31.2500     -334.003
      31.5000     -329.807
      31.7500     -325.523
      32.0000     -321.149
      32.2500     -316.686
      32.5000     -312.134
      32.7500     -307.492
      33.0000     -302.760
      33.2500     -297.938
      33.5000     -293.025
      33.7500     -288.021
      34.0000     -282.926
      34.2500     -277.740
      34.5000     -272.463
      34.7500     -267.093
      35.0000     -261.631
      35.2500     -256.076
      35.5000     -250.429
      35.7500     -244.688
      36.0000     -238.854
      36.2500     -232.925
      36.5000     -226.903
      36.7500     -220.785
      37.0000     -214.573
      37.2500     -208.264
      37.5000     -201.860
      37.7500     -195.360
      38.0000     -188.763
      38.2500     -182.068
      38.5000     -175.276
      38.7500     -168.385
      39.0000     -161.396
      39.2500     -154.307
      39.5000     -147.119
      39.7500     -139.831
      40.0000     -132.442
      40.2500     -124.951
      40.5000     -117.359
      40.7500     -109.664
      41.0000     -101.866
      41.2500     -93.9637
      41.5000     -85.9575
      41.7500     -77.8461
      42.0000     -69.6291
      42.2500     -61.3057
      42.5000     -52.8751
      42.7500     -44.3367
      43.0000     -35.6897
      43.2500     -26.9333
      43.5000     -18.0668
      43.7500     -9.08930
      44.0000      0.00000
      44.2500      9.20196
      44.5000      18.5174
      44.7500      27.9474
      45.0000      37.4927
      45.2500      47.1542
      45.5000      56.9331
      45.7500      66.8303
      46.0000      76.8468
      46.2500      86.9837
      46.5000      97.2420
      46.7500      107.623
      47.0000      118.127
      47.2500      128.757
      47.5000      139.513
      47.7500      150.396
      48.0000      161.407
      48.2500      172.549
      48.5000      183.231
      48.7500      193.021
      49.0000      201.957
      49.2500      210.078
      49.5000      217.421
      49.7500      224.025
      50.0000      229.928
      50.2500      235.170
      50.5000      239.787
      50.7500      243.820
      51.0000      247.305
      51.2500      250.282
      51.5000      252.788
      51.7500      254.863
      52.0000      256.544
      52.2500      257.870
      52.5000      258.879
      52.7500      259.610
      53.0000      260.102
      53.2500      260.391
      53.5000      260.518
      53.7500      260.520
      54.0000      260.435
      54.2500      260.302
      54.5000      260.160
      54.7500      260.046
      55.0000      260.000
      55.2500      260.000
      55.5000      260.000
      55.7500      260.000
      56.0000      260.000
      56.2500      260.000
      56.5000      260.000
      56.7500      260.000
      57.0000      260.000
      57.2500      260.000
      57.5000      260.000
      57.7500      260.000
      58.0000      260.000
      58.2500      260.000
      58.5000      260.000
      58.7500      260.000
      59.0000      260.000
      59.2500      260.000
      59.5000      260.000
      59.7500      260.000
      60.0000      260.000
      60.2500      259.955
      60.5000      259.822
      60.7500      259.599
      61.0000      259.288
      61.2500      258.888
      61.5000      258.399
      61.7500      257.823
      62.0000      257.159
      62.2500      256.408
      62.5000      255.570
      62.7500      254.646
      63.0000      253.637
      63.2500      252.543
      63.5000      251.365
      63.7500      250.104
      64.0000      248.761
      64.2500      247.336
      64.5000      245.831
      64.7500      244.246
      65.0000      242.583
      65.2500      240.843
      65.5000      239.027
      65.7500      237.136
      66.0000      235.172
      66.2500      233.136
      66.5000      231.029
      66.7500      228.853
      67.0000      226.609
      67.2500      224.298
      67.5000      221.924
      67.7500      219.486
      68.0000      216.987
      68.2500      214.428
      68.5000      211.811
      68.7500      209.139
      69.0000      206.412
      69.2500      203.633
      69.5000      200.803
      69.7500      197.925
      70.0000      195.000
      70.2500      192.030
      70.5000      189.019
      70.7500      185.966
      71.0000      182.876
      71.2500      179.749
      71.5000      176.588
      71.7500      173.395
      72.0000      170.172
      72.2500      166.922
      72.5000      163.646
      72.7500      160.348
      73.0000      157.028
      73.2500      153.690
      73.5000      150.336
      73.7500      146.968
      74.0000      143.589
      74.2500      140.199
      74.5000      136.804
      74.7500      133.403
      75.0000      130.000
      75.2500      126.597
      75.5000      123.196
      75.7500      119.800
      76.0000      116.411
      76.2500      113.031
      76.5000      109.663
      76.7500      106.309
      77.0000      102.971
      77.2500      99.6520
      77.5000      96.3534
      77.7500      93.0778
      78.0000      89.8276
      78.2500      86.6050
      78.5000      83.4120
      78.7500      80.2510
      79.0000      77.1241
      79.2500      74.0334
      79.5000      70.9812
      79.7500      67.9692
      80.0000      64.9999
      80.2500      62.0751
      80.5000      59.1968
      80.7500      56.3671
      81.0000      53.5879
      81.2500      50.8609
      81.5000      48.1883
      81.7500      45.5717
      82.0000      43.0130
      82.2500      40.5139
      82.5000      38.0760
      82.7500      35.7013
      83.0000      33.3911
      83.2500      31.1471
      83.5000      28.9709
      83.7500      26.8640
      84.0000      24.8278
      84.2500      22.8636
      84.5000      20.9728
      84.7500      19.1568
      85.0000      17.4167
      85.2500      15.7537
      85.5000      14.1691
      85.7500      12.6639
      86.0000      11.2390
      86.2500      9.89562
      86.5000      8.63451
      86.7500      7.45661
      87.0000      6.36267
      87.2500      5.35343
      87.5000      4.42964
      87.7500      3.59191
      88.0000      2.84080
      88.2500      2.17685
      88.5000      1.60051
      88.7500      1.11216
      89.0000     0.712143
      89.2500     0.400742
      89.5000     0.178164
      89.7500    0.0445467
      90.0000      0.00000
