Idealized zonal winds of Neptune.  This is the 'Qy=1/3' case from
the archive of LeBeau and Dowling (1998, Icarus). 




     721
     -90.0000      0.00000
     -89.7500      0.0476772
     -89.5000      0.190662
     -89.2500      0.428839
     -89.0000      0.762060
     -88.7500      1.19006
     -88.5000      1.71255
     -88.2500      2.32911
     -88.0000      3.03931
     -87.7500      3.84266
     -87.5000      4.73850
     -87.2500      5.72621
     -87.0000      6.80510
     -86.7500      7.97432
     -86.5000      9.23300
     -86.2500      10.5803
     -86.0000      12.0151
     -85.7500      13.5366
     -85.5000      15.1434
     -85.2500      16.8345
     -85.0000      18.6086
     -84.7500      20.4643
     -84.5000      22.4004
     -84.2500      24.4155
     -84.0000      26.5079
     -83.7500      28.6762
     -83.5000      30.9188
     -83.2500      33.2342
     -83.0000      35.6205
     -82.7500      38.0761
     -82.5000      40.5990
     -82.2500      43.1876
     -82.0000      45.8397
     -81.7500      48.5536
     -81.5000      51.3274
     -81.2500      54.1586
     -81.0000      57.0456
     -80.7500      59.9861
     -80.5000      62.9778
     -80.2500      66.0189
     -80.0000      69.1068
     -79.7500      72.2394
     -79.5000      75.4144
     -79.2500      78.6292
     -79.0000      81.8819
     -78.7500      85.1699
     -78.5000      88.4907
     -78.2500      91.8420
     -78.0000      95.2211
     -77.7500      98.6259
     -77.5000      102.054
     -77.2500      105.502
     -77.0000      108.968
     -76.7500      112.450
     -76.5000      115.944
     -76.2500      119.449
     -76.0000      122.962
     -75.7500      126.480
     -75.5000      130.000
     -75.2500      133.520
     -75.0000      137.038
     -74.7500      140.550
     -74.5000      144.055
     -74.2500      147.550
     -74.0000      151.032
     -73.7500      154.498
     -73.5000      157.946
     -73.2500      161.374
     -73.0000      164.778
     -72.7500      168.158
     -72.5000      171.509
     -72.2500      174.830
     -72.0000      178.118
     -71.7500      181.370
     -71.5000      184.585
     -71.2500      187.760
     -71.0000      190.893
     -70.7500      193.981
     -70.5000      197.022
     -70.2500      200.014
     -70.0000      202.954
     -69.7500      205.841
     -69.5000      208.672
     -69.2500      211.446
     -69.0000      214.160
     -68.7500      216.812
     -68.5000      219.401
     -68.2500      221.924
     -68.0000      224.379
     -67.7500      226.766
     -67.5000      229.081
     -67.2500      231.324
     -67.0000      233.492
     -66.7500      235.584
     -66.5000      237.599
     -66.2500      239.536
     -66.0000      241.391
     -65.7500      243.165
     -65.5000      244.856
     -65.2500      246.463
     -65.0000      247.985
     -64.7500      249.420
     -64.5000      250.767
     -64.2500      252.026
     -64.0000      253.195
     -63.7500      254.274
     -63.5000      255.261
     -63.2500      256.157
     -63.0000      256.961
     -62.7500      257.671
     -62.5000      258.287
     -62.2500      258.810
     -62.0000      259.238
     -61.7500      259.571
     -61.5000      259.809
     -61.2500      259.952
     -61.0000      260.000
     -60.7500      260.000
     -60.5000      260.000
     -60.2500      260.000
     -60.0000      260.000
     -59.7500      260.000
     -59.5000      260.000
     -59.2500      260.000
     -59.0000      260.000
     -58.7500      260.000
     -58.5000      260.000
     -58.2500      260.000
     -58.0000      260.000
     -57.7500      260.000
     -57.5000      260.000
     -57.2500      260.000
     -57.0000      260.000
     -56.7500      260.000
     -56.5000      260.000
     -56.2500      260.000
     -56.0000      260.000
     -55.7500      259.853
     -55.5000      259.398
     -55.2500      258.616
     -55.0000      257.486
     -54.7500      255.990
     -54.5000      254.106
     -54.2500      251.815
     -54.0000      249.098
     -53.7500      245.934
     -53.5000      242.304
     -53.2500      238.187
     -53.0000      233.564
     -52.7500      228.416
     -52.5000      222.721
     -52.2500      216.461
     -52.0000      209.615
     -51.7500      202.163
     -51.5000      194.086
     -51.2500      185.364
     -51.0000      175.977
     -50.7500      166.251
     -50.5000      156.629
     -50.2500      147.110
     -50.0000      137.692
     -49.7500      128.375
     -49.5000      119.158
     -49.2500      110.038
     -49.0000      101.016
     -48.7500      92.0908
     -48.5000      83.2604
     -48.2500      74.5243
     -48.0000      65.8817
     -47.7500      57.3316
     -47.5000      48.8731
     -47.2500      40.5053
     -47.0000      32.2275
     -46.7500      24.0389
     -46.5000      15.9386
     -46.2500      7.92587
     -46.0000      0.00000
     -45.7500     -7.83974
     -45.5000     -15.5940
     -45.2500     -23.2636
     -45.0000     -30.8491
     -44.7500     -38.3511
     -44.5000     -45.7703
     -44.2500     -53.1073
     -44.0000     -60.3626
     -43.7500     -67.5369
     -43.5000     -74.6307
     -43.2500     -81.6445
     -43.0000     -88.5789
     -42.7500     -95.4344
     -42.5000     -102.211
     -42.2500     -108.911
     -42.0000     -115.532
     -41.7500     -122.077
     -41.5000     -128.545
     -41.2500     -134.937
     -41.0000     -141.253
     -40.7500     -147.494
     -40.5000     -153.660
     -40.2500     -159.751
     -40.0000     -165.768
     -39.7500     -171.712
     -39.5000     -177.582
     -39.2500     -183.378
     -39.0000     -189.102
     -38.7500     -194.754
     -38.5000     -200.333
     -38.2500     -205.841
     -38.0000     -211.277
     -37.7500     -216.642
     -37.5000     -221.935
     -37.2500     -227.158
     -37.0000     -232.311
     -36.7500     -237.393
     -36.5000     -242.406
     -36.2500     -247.348
     -36.0000     -252.221
     -35.7500     -257.025
     -35.5000     -261.760
     -35.2500     -266.426
     -35.0000     -271.023
     -34.7500     -275.551
     -34.5000     -280.012
     -34.2500     -284.404
     -34.0000     -288.729
     -33.7500     -292.985
     -33.5000     -297.174
     -33.2500     -301.296
     -33.0000     -305.350
     -32.7500     -309.337
     -32.5000     -313.258
     -32.2500     -317.111
     -32.0000     -320.898
     -31.7500     -324.618
     -31.5000     -328.271
     -31.2500     -331.858
     -31.0000     -335.379
     -30.7500     -338.834
     -30.5000     -342.223
     -30.2500     -345.546
     -30.0000     -348.803
     -29.7500     -351.994
     -29.5000     -355.120
     -29.2500     -358.180
     -29.0000     -361.174
     -28.7500     -364.103
     -28.5000     -366.967
     -28.2500     -369.766
     -28.0000     -372.499
     -27.7500     -375.167
     -27.5000     -377.770
     -27.2500     -380.308
     -27.0000     -382.781
     -26.7500     -385.188
     -26.5000     -387.531
     -26.2500     -389.809
     -26.0000     -392.023
     -25.7500     -394.171
     -25.5000     -396.255
     -25.2500     -398.274
     -25.0000     -400.228
     -24.7500     -402.117
     -24.5000     -403.942
     -24.2500     -405.702
     -24.0000     -407.397
     -23.7500     -409.028
     -23.5000     -410.594
     -23.2500     -412.096
     -23.0000     -413.532
     -22.7500     -414.905
     -22.5000     -416.212
     -22.2500     -417.455
     -22.0000     -418.633
     -21.7500     -419.747
     -21.5000     -420.796
     -21.2500     -421.780
     -21.0000     -422.699
     -20.7500     -423.554
     -20.5000     -424.344
     -20.2500     -425.069
     -20.0000     -425.729
     -19.7500     -426.325
     -19.5000     -426.855
     -19.2500     -427.321
     -19.0000     -427.722
     -18.7500     -428.057
     -18.5000     -428.328
     -18.2500     -428.534
     -18.0000     -428.674
     -17.7500     -428.750
     -17.5000     -428.760
     -17.2500     -428.705
     -17.0000     -428.585
     -16.7500     -428.399
     -16.5000     -428.148
     -16.2500     -427.832
     -16.0000     -427.450
     -15.7500     -427.003
     -15.5000     -426.489
     -15.2500     -425.910
     -15.0000     -425.266
     -14.7500     -424.555
     -14.5000     -423.779
     -14.2500     -422.936
     -14.0000     -422.028
     -13.7500     -421.053
     -13.5000     -420.013
     -13.2500     -418.906
     -13.0000     -417.732
     -12.7500     -416.492
     -12.5000     -415.186
     -12.2500     -413.813
     -12.0000     -412.373
     -11.7500     -410.866
     -11.5000     -409.293
     -11.2500     -407.652
     -11.0000     -405.945
     -10.7500     -404.170
     -10.5000     -402.328
     -10.2500     -400.419
     -10.0000     -398.442
     -9.75000     -396.397
     -9.50000     -394.285
     -9.25000     -392.105
     -9.00000     -389.857
     -8.75000     -387.542
     -8.50000     -385.158
     -8.25000     -382.705
     -8.00000     -380.185
     -7.75000     -377.595
     -7.50000     -374.938
     -7.25000     -372.211
     -7.00000     -369.416
     -6.75000     -366.551
     -6.50000     -363.618
     -6.25000     -360.615
     -6.00000     -357.543
     -5.75000     -354.402
     -5.50000     -351.190
     -5.25000     -347.909
     -5.00000     -344.558
     -4.75000     -341.138
     -4.50000     -337.646
     -4.25000     -334.085
     -4.00000     -330.453
     -3.75000     -326.750
     -3.50000     -322.977
     -3.25000     -319.132
     -3.00000     -315.216
     -2.75000     -311.230
     -2.50000     -307.171
     -2.25000     -303.041
     -2.00000     -298.840
     -1.75000     -294.566
     -1.50000     -290.220
     -1.25000     -285.802
     -1.00000     -281.312
    -0.750000     -276.749
    -0.500000     -272.113
    -0.250000     -267.404
      0.00000     -262.622
     0.250000     -267.404
     0.500000     -272.113
     0.750000     -276.749
      1.00000     -281.312
      1.25000     -285.802
      1.50000     -290.220
      1.75000     -294.566
      2.00000     -298.840
      2.25000     -303.041
      2.50000     -307.171
      2.75000     -311.230
      3.00000     -315.216
      3.25000     -319.132
      3.50000     -322.977
      3.75000     -326.750
      4.00000     -330.453
      4.25000     -334.085
      4.50000     -337.646
      4.75000     -341.138
      5.00000     -344.558
      5.25000     -347.909
      5.50000     -351.190
      5.75000     -354.402
      6.00000     -357.543
      6.25000     -360.615
      6.50000     -363.618
      6.75000     -366.551
      7.00000     -369.416
      7.25000     -372.211
      7.50000     -374.938
      7.75000     -377.595
      8.00000     -380.185
      8.25000     -382.705
      8.50000     -385.158
      8.75000     -387.542
      9.00000     -389.857
      9.25000     -392.105
      9.50000     -394.285
      9.75000     -396.397
      10.0000     -398.442
      10.2500     -400.419
      10.5000     -402.328
      10.7500     -404.170
      11.0000     -405.945
      11.2500     -407.652
      11.5000     -409.293
      11.7500     -410.866
      12.0000     -412.373
      12.2500     -413.813
      12.5000     -415.186
      12.7500     -416.492
      13.0000     -417.732
      13.2500     -418.906
      13.5000     -420.013
      13.7500     -421.053
      14.0000     -422.028
      14.2500     -422.936
      14.5000     -423.779
      14.7500     -424.555
      15.0000     -425.266
      15.2500     -425.910
      15.5000     -426.489
      15.7500     -427.003
      16.0000     -427.450
      16.2500     -427.832
      16.5000     -428.148
      16.7500     -428.399
      17.0000     -428.585
      17.2500     -428.705
      17.5000     -428.760
      17.7500     -428.750
      18.0000     -428.674
      18.2500     -428.534
      18.5000     -428.328
      18.7500     -428.057
      19.0000     -427.722
      19.2500     -427.321
      19.5000     -426.855
      19.7500     -426.325
      20.0000     -425.729
      20.2500     -425.069
      20.5000     -424.344
      20.7500     -423.554
      21.0000     -422.699
      21.2500     -421.780
      21.5000     -420.796
      21.7500     -419.747
      22.0000     -418.633
      22.2500     -417.455
      22.5000     -416.212
      22.7500     -414.905
      23.0000     -413.532
      23.2500     -412.096
      23.5000     -410.594
      23.7500     -409.028
      24.0000     -407.397
      24.2500     -405.702
      24.5000     -403.942
      24.7500     -402.117
      25.0000     -400.228
      25.2500     -398.274
      25.5000     -396.255
      25.7500     -394.171
      26.0000     -392.023
      26.2500     -389.809
      26.5000     -387.531
      26.7500     -385.188
      27.0000     -382.781
      27.2500     -380.308
      27.5000     -377.770
      27.7500     -375.167
      28.0000     -372.499
      28.2500     -369.766
      28.5000     -366.967
      28.7500     -364.103
      29.0000     -361.174
      29.2500     -358.180
      29.5000     -355.120
      29.7500     -351.994
      30.0000     -348.803
      30.2500     -345.546
      30.5000     -342.223
      30.7500     -338.834
      31.0000     -335.379
      31.2500     -331.858
      31.5000     -328.271
      31.7500     -324.618
      32.0000     -320.898
      32.2500     -317.111
      32.5000     -313.258
      32.7500     -309.337
      33.0000     -305.350
      33.2500     -301.296
      33.5000     -297.174
      33.7500     -292.985
      34.0000     -288.729
      34.2500     -284.404
      34.5000     -280.012
      34.7500     -275.551
      35.0000     -271.023
      35.2500     -266.426
      35.5000     -261.760
      35.7500     -257.025
      36.0000     -252.221
      36.2500     -247.348
      36.5000     -242.406
      36.7500     -237.393
      37.0000     -232.311
      37.2500     -227.158
      37.5000     -221.935
      37.7500     -216.642
      38.0000     -211.277
      38.2500     -205.841
      38.5000     -200.333
      38.7500     -194.754
      39.0000     -189.102
      39.2500     -183.378
      39.5000     -177.582
      39.7500     -171.712
      40.0000     -165.768
      40.2500     -159.751
      40.5000     -153.660
      40.7500     -147.494
      41.0000     -141.253
      41.2500     -134.937
      41.5000     -128.545
      41.7500     -122.077
      42.0000     -115.532
      42.2500     -108.911
      42.5000     -102.211
      42.7500     -95.4344
      43.0000     -88.5789
      43.2500     -81.6445
      43.5000     -74.6307
      43.7500     -67.5369
      44.0000     -60.3626
      44.2500     -53.1073
      44.5000     -45.7703
      44.7500     -38.3511
      45.0000     -30.8491
      45.2500     -23.2636
      45.5000     -15.5940
      45.7500     -7.83974
      46.0000      0.00000
      46.2500      7.92587
      46.5000      15.9386
      46.7500      24.0389
      47.0000      32.2275
      47.2500      40.5053
      47.5000      48.8731
      47.7500      57.3316
      48.0000      65.8817
      48.2500      74.5243
      48.5000      83.2604
      48.7500      92.0908
      49.0000      101.016
      49.2500      110.038
      49.5000      119.158
      49.7500      128.375
      50.0000      137.692
      50.2500      147.110
      50.5000      156.629
      50.7500      166.251
      51.0000      175.977
      51.2500      185.364
      51.5000      194.086
      51.7500      202.163
      52.0000      209.615
      52.2500      216.461
      52.5000      222.721
      52.7500      228.416
      53.0000      233.564
      53.2500      238.187
      53.5000      242.304
      53.7500      245.934
      54.0000      249.098
      54.2500      251.815
      54.5000      254.106
      54.7500      255.990
      55.0000      257.486
      55.2500      258.616
      55.5000      259.398
      55.7500      259.853
      56.0000      260.000
      56.2500      260.000
      56.5000      260.000
      56.7500      260.000
      57.0000      260.000
      57.2500      260.000
      57.5000      260.000
      57.7500      260.000
      58.0000      260.000
      58.2500      260.000
      58.5000      260.000
      58.7500      260.000
      59.0000      260.000
      59.2500      260.000
      59.5000      260.000
      59.7500      260.000
      60.0000      260.000
      60.2500      260.000
      60.5000      260.000
      60.7500      260.000
      61.0000      260.000
      61.2500      259.952
      61.5000      259.809
      61.7500      259.571
      62.0000      259.238
      62.2500      258.810
      62.5000      258.287
      62.7500      257.671
      63.0000      256.961
      63.2500      256.157
      63.5000      255.261
      63.7500      254.274
      64.0000      253.195
      64.2500      252.026
      64.5000      250.767
      64.7500      249.420
      65.0000      247.985
      65.2500      246.463
      65.5000      244.856
      65.7500      243.165
      66.0000      241.391
      66.2500      239.536
      66.5000      237.599
      66.7500      235.584
      67.0000      233.492
      67.2500      231.324
      67.5000      229.081
      67.7500      226.766
      68.0000      224.379
      68.2500      221.924
      68.5000      219.401
      68.7500      216.812
      69.0000      214.160
      69.2500      211.446
      69.5000      208.672
      69.7500      205.841
      70.0000      202.954
      70.2500      200.014
      70.5000      197.022
      70.7500      193.981
      71.0000      190.893
      71.2500      187.760
      71.5000      184.585
      71.7500      181.370
      72.0000      178.118
      72.2500      174.830
      72.5000      171.509
      72.7500      168.158
      73.0000      164.778
      73.2500      161.374
      73.5000      157.946
      73.7500      154.498
      74.0000      151.032
      74.2500      147.550
      74.5000      144.055
      74.7500      140.550
      75.0000      137.038
      75.2500      133.520
      75.5000      130.000
      75.7500      126.480
      76.0000      122.962
      76.2500      119.449
      76.5000      115.944
      76.7500      112.450
      77.0000      108.968
      77.2500      105.502
      77.5000      102.054
      77.7500      98.6259
      78.0000      95.2211
      78.2500      91.8420
      78.5000      88.4907
      78.7500      85.1699
      79.0000      81.8819
      79.2500      78.6292
      79.5000      75.4144
      79.7500      72.2394
      80.0000      69.1068
      80.2500      66.0189
      80.5000      62.9778
      80.7500      59.9861
      81.0000      57.0456
      81.2500      54.1586
      81.5000      51.3274
      81.7500      48.5536
      82.0000      45.8397
      82.2500      43.1876
      82.5000      40.5990
      82.7500      38.0761
      83.0000      35.6205
      83.2500      33.2342
      83.5000      30.9188
      83.7500      28.6762
      84.0000      26.5079
      84.2500      24.4155
      84.5000      22.4004
      84.7500      20.4643
      85.0000      18.6086
      85.2500      16.8345
      85.5000      15.1434
      85.7500      13.5366
      86.0000      12.0151
      86.2500      10.5803
      86.5000      9.23300
      86.7500      7.97432
      87.0000      6.80510
      87.2500      5.72621
      87.5000      4.73850
      87.7500      3.84266
      88.0000      3.03931
      88.2500      2.32911
      88.5000      1.71255
      88.7500      1.19006
      89.0000      0.762060
      89.2500      0.428839
      89.5000      0.190662
      89.7500      0.0476772
      90.0000      0.00000
