Idealized zonal winds of Neptune.  This is the 'Qy=2/3' case from
the archive of LeBeau and Dowling (1998, Icarus). 




     721
     -90.0000      0.00000
     -89.7500    0.0604701
     -89.5000     0.241811
     -89.2500     0.543844
     -89.0000     0.966305
     -88.7500      1.50880
     -88.5000      2.17084
     -88.2500      2.95177
     -88.0000      3.85089
     -87.7500      4.86738
     -87.5000      6.00024
     -87.2500      7.24845
     -87.0000      8.61089
     -86.7500      10.0862
     -86.5000      11.6730
     -86.2500      13.3700
     -86.0000      15.1754
     -85.7500      17.0877
     -85.5000      19.1050
     -85.2500      21.2254
     -85.0000      23.4471
     -84.7500      25.7678
     -84.5000      28.1855
     -84.2500      30.6980
     -84.0000      33.3028
     -83.7500      35.9974
     -83.5000      38.7796
     -83.2500      41.6466
     -83.0000      44.5959
     -82.7500      47.6246
     -82.5000      50.7299
     -82.2500      53.9090
     -82.0000      57.1588
     -81.7500      60.4764
     -81.5000      63.8587
     -81.2500      67.3024
     -81.0000      70.8046
     -80.7500      74.3618
     -80.5000      77.9706
     -80.2500      81.6280
     -80.0000      85.3303
     -79.7500      89.0742
     -79.5000      92.8562
     -79.2500      96.6726
     -79.0000      100.520
     -78.7500      104.395
     -78.5000      108.294
     -78.2500      112.213
     -78.0000      116.148
     -77.7500      120.097
     -77.5000      124.054
     -77.2500      128.017
     -77.0000      131.982
     -76.7500      135.946
     -76.5000      139.903
     -76.2500      143.851
     -76.0000      147.787
     -75.7500      151.706
     -75.5000      155.605
     -75.2500      159.479
     -75.0000      163.327
     -74.7500      167.144
     -74.5000      170.925
     -74.2500      174.669
     -74.0000      178.372
     -73.7500      182.029
     -73.5000      185.638
     -73.2500      189.195
     -73.0000      192.697
     -72.7500      196.141
     -72.5000      199.523
     -72.2500      202.841
     -72.0000      206.091
     -71.7500      209.270
     -71.5000      212.375
     -71.2500      215.404
     -71.0000      218.353
     -70.7500      221.220
     -70.5000      224.002
     -70.2500      226.697
     -70.0000      229.302
     -69.7500      231.814
     -69.5000      234.232
     -69.2500      236.553
     -69.0000      238.774
     -68.7500      240.895
     -68.5000      242.912
     -68.2500      244.824
     -68.0000      246.630
     -67.7500      248.327
     -67.5000      249.914
     -67.2500      251.389
     -67.0000      252.751
     -66.7500      254.000
     -66.5000      255.133
     -66.2500      256.149
     -66.0000      257.048
     -65.7500      257.829
     -65.5000      258.491
     -65.2500      259.034
     -65.0000      259.456
     -64.7500      259.758
     -64.5000      259.940
     -64.2500      260.000
     -64.0000      260.000
     -63.7500      260.000
     -63.5000      260.000
     -63.2500      260.000
     -63.0000      260.000
     -62.7500      260.000
     -62.5000      260.000
     -62.2500      260.000
     -62.0000      260.000
     -61.7500      260.000
     -61.5000      260.000
     -61.2500      260.000
     -61.0000      260.000
     -60.7500      260.000
     -60.5000      260.000
     -60.2500      260.000
     -60.0000      260.000
     -59.7500      260.000
     -59.5000      260.000
     -59.2500      260.000
     -59.0000      259.762
     -58.7500      259.056
     -58.5000      257.888
     -58.2500      256.268
     -58.0000      254.205
     -57.7500      251.706
     -57.5000      248.781
     -57.2500      245.437
     -57.0000      241.684
     -56.7500      237.531
     -56.5000      232.985
     -56.2500      228.055
     -56.0000      222.749
     -55.7500      217.077
     -55.5000      211.047
     -55.2500      204.667
     -55.0000      197.946
     -54.7500      190.892
     -54.5000      183.515
     -54.2500      175.822
     -54.0000      167.974
     -53.7500      160.201
     -53.5000      152.501
     -53.2500      144.874
     -53.0000      137.319
     -52.7500      129.835
     -52.5000      122.420
     -52.2500      115.074
     -52.0000      107.796
     -51.7500      100.586
     -51.5000      93.4414
     -51.2500      86.3628
     -51.0000      79.3490
     -50.7500      72.3994
     -50.5000      65.5133
     -50.2500      58.6898
     -50.0000      51.9285
     -49.7500      45.2286
     -49.5000      38.5895
     -49.2500      32.0107
     -49.0000      25.4914
     -48.7500      19.0313
     -48.5000      12.6297
     -48.2500      6.28610
     -48.0000      0.00000
     -47.7500     -6.22910
     -47.5000     -12.4017
     -47.2500     -18.5182
     -47.0000     -24.5791
     -46.7500     -30.5849
     -46.5000     -36.5359
     -46.2500     -42.4325
     -46.0000     -48.2752
     -45.7500     -54.0643
     -45.5000     -59.8002
     -45.2500     -65.4832
     -45.0000     -71.1138
     -44.7500     -76.6921
     -44.5000     -82.2187
     -44.2500     -87.6936
     -44.0000     -93.1174
     -43.7500     -98.4902
     -43.5000     -103.812
     -43.2500     -109.084
     -43.0000     -114.306
     -42.7500     -119.477
     -42.5000     -124.600
     -42.2500     -129.672
     -42.0000     -134.696
     -41.7500     -139.671
     -41.5000     -144.596
     -41.2500     -149.474
     -41.0000     -154.303
     -40.7500     -159.084
     -40.5000     -163.817
     -40.2500     -168.502
     -40.0000     -173.139
     -39.7500     -177.730
     -39.5000     -182.273
     -39.2500     -186.768
     -39.0000     -191.217
     -38.7500     -195.619
     -38.5000     -199.974
     -38.2500     -204.283
     -38.0000     -208.545
     -37.7500     -212.761
     -37.5000     -216.931
     -37.2500     -221.054
     -37.0000     -225.132
     -36.7500     -229.163
     -36.5000     -233.149
     -36.2500     -237.089
     -36.0000     -240.984
     -35.7500     -244.833
     -35.5000     -248.636
     -35.2500     -252.394
     -35.0000     -256.107
     -34.7500     -259.775
     -34.5000     -263.397
     -34.2500     -266.974
     -34.0000     -270.507
     -33.7500     -273.994
     -33.5000     -277.436
     -33.2500     -280.833
     -33.0000     -284.186
     -32.7500     -287.493
     -32.5000     -290.756
     -32.2500     -293.974
     -32.0000     -297.148
     -31.7500     -300.276
     -31.5000     -303.361
     -31.2500     -306.400
     -31.0000     -309.395
     -30.7500     -312.345
     -30.5000     -315.251
     -30.2500     -318.112
     -30.0000     -320.928
     -29.7500     -323.700
     -29.5000     -326.428
     -29.2500     -329.111
     -29.0000     -331.749
     -28.7500     -334.343
     -28.5000     -336.892
     -28.2500     -339.397
     -28.0000     -341.858
     -27.7500     -344.273
     -27.5000     -346.645
     -27.2500     -348.972
     -27.0000     -351.254
     -26.7500     -353.492
     -26.5000     -355.685
     -26.2500     -357.833
     -26.0000     -359.937
     -25.7500     -361.996
     -25.5000     -364.011
     -25.2500     -365.981
     -25.0000     -367.906
     -24.7500     -369.787
     -24.5000     -371.623
     -24.2500     -373.414
     -24.0000     -375.160
     -23.7500     -376.862
     -23.5000     -378.518
     -23.2500     -380.130
     -23.0000     -381.697
     -22.7500     -383.219
     -22.5000     -384.696
     -22.2500     -386.128
     -22.0000     -387.515
     -21.7500     -388.856
     -21.5000     -390.153
     -21.2500     -391.404
     -21.0000     -392.611
     -20.7500     -393.771
     -20.5000     -394.887
     -20.2500     -395.957
     -20.0000     -396.982
     -19.7500     -397.962
     -19.5000     -398.896
     -19.2500     -399.784
     -19.0000     -400.627
     -18.7500     -401.424
     -18.5000     -402.176
     -18.2500     -402.881
     -18.0000     -403.541
     -17.7500     -404.155
     -17.5000     -404.723
     -17.2500     -405.246
     -17.0000     -405.722
     -16.7500     -406.152
     -16.5000     -406.536
     -16.2500     -406.874
     -16.0000     -407.165
     -15.7500     -407.411
     -15.5000     -407.609
     -15.2500     -407.762
     -15.0000     -407.868
     -14.7500     -407.927
     -14.5000     -407.940
     -14.2500     -407.906
     -14.0000     -407.825
     -13.7500     -407.698
     -13.5000     -407.524
     -13.2500     -407.302
     -13.0000     -407.034
     -12.7500     -406.718
     -12.5000     -406.356
     -12.2500     -405.946
     -12.0000     -405.489
     -11.7500     -404.984
     -11.5000     -404.432
     -11.2500     -403.833
     -11.0000     -403.186
     -10.7500     -402.491
     -10.5000     -401.749
     -10.2500     -400.959
     -10.0000     -400.120
     -9.75000     -399.234
     -9.50000     -398.300
     -9.25000     -397.318
     -9.00000     -396.287
     -8.75000     -395.209
     -8.50000     -394.082
     -8.25000     -392.906
     -8.00000     -391.682
     -7.75000     -390.409
     -7.50000     -389.088
     -7.25000     -387.718
     -7.00000     -386.299
     -6.75000     -384.831
     -6.50000     -383.314
     -6.25000     -381.748
     -6.00000     -380.132
     -5.75000     -378.468
     -5.50000     -376.754
     -5.25000     -374.990
     -5.00000     -373.177
     -4.75000     -371.315
     -4.50000     -369.402
     -4.25000     -367.440
     -4.00000     -365.428
     -3.75000     -363.365
     -3.50000     -361.253
     -3.25000     -359.091
     -3.00000     -356.878
     -2.75000     -354.614
     -2.50000     -352.300
     -2.25000     -349.936
     -2.00000     -347.521
     -1.75000     -345.055
     -1.50000     -342.538
     -1.25000     -339.970
     -1.00000     -337.351
    -0.750000     -334.680
    -0.500000     -331.959
    -0.250000     -329.186
      0.00000     -326.361
     0.250000     -329.186
     0.500000     -331.959
     0.750000     -334.680
      1.00000     -337.351
      1.25000     -339.970
      1.50000     -342.538
      1.75000     -345.055
      2.00000     -347.521
      2.25000     -349.936
      2.50000     -352.300
      2.75000     -354.614
      3.00000     -356.878
      3.25000     -359.091
      3.50000     -361.253
      3.75000     -363.365
      4.00000     -365.428
      4.25000     -367.440
      4.50000     -369.402
      4.75000     -371.315
      5.00000     -373.177
      5.25000     -374.990
      5.50000     -376.754
      5.75000     -378.468
      6.00000     -380.132
      6.25000     -381.748
      6.50000     -383.314
      6.75000     -384.831
      7.00000     -386.299
      7.25000     -387.718
      7.50000     -389.088
      7.75000     -390.409
      8.00000     -391.682
      8.25000     -392.906
      8.50000     -394.082
      8.75000     -395.209
      9.00000     -396.287
      9.25000     -397.318
      9.50000     -398.300
      9.75000     -399.234
      10.0000     -400.120
      10.2500     -400.959
      10.5000     -401.749
      10.7500     -402.491
      11.0000     -403.186
      11.2500     -403.833
      11.5000     -404.432
      11.7500     -404.984
      12.0000     -405.489
      12.2500     -405.946
      12.5000     -406.356
      12.7500     -406.718
      13.0000     -407.034
      13.2500     -407.302
      13.5000     -407.524
      13.7500     -407.698
      14.0000     -407.825
      14.2500     -407.906
      14.5000     -407.940
      14.7500     -407.927
      15.0000     -407.868
      15.2500     -407.762
      15.5000     -407.609
      15.7500     -407.411
      16.0000     -407.165
      16.2500     -406.874
      16.5000     -406.536
      16.7500     -406.152
      17.0000     -405.722
      17.2500     -405.246
      17.5000     -404.723
      17.7500     -404.155
      18.0000     -403.541
      18.2500     -402.881
      18.5000     -402.176
      18.7500     -401.424
      19.0000     -400.627
      19.2500     -399.784
      19.5000     -398.896
      19.7500     -397.962
      20.0000     -396.982
      20.2500     -395.957
      20.5000     -394.887
      20.7500     -393.771
      21.0000     -392.611
      21.2500     -391.404
      21.5000     -390.153
      21.7500     -388.856
      22.0000     -387.515
      22.2500     -386.128
      22.5000     -384.696
      22.7500     -383.219
      23.0000     -381.697
      23.2500     -380.130
      23.5000     -378.518
      23.7500     -376.862
      24.0000     -375.160
      24.2500     -373.414
      24.5000     -371.623
      24.7500     -369.787
      25.0000     -367.906
      25.2500     -365.981
      25.5000     -364.011
      25.7500     -361.996
      26.0000     -359.937
      26.2500     -357.833
      26.5000     -355.685
      26.7500     -353.492
      27.0000     -351.254
      27.2500     -348.972
      27.5000     -346.645
      27.7500     -344.273
      28.0000     -341.858
      28.2500     -339.397
      28.5000     -336.892
      28.7500     -334.343
      29.0000     -331.749
      29.2500     -329.111
      29.5000     -326.428
      29.7500     -323.700
      30.0000     -320.928
      30.2500     -318.112
      30.5000     -315.251
      30.7500     -312.345
      31.0000     -309.395
      31.2500     -306.400
      31.5000     -303.361
      31.7500     -300.276
      32.0000     -297.148
      32.2500     -293.974
      32.5000     -290.756
      32.7500     -287.493
      33.0000     -284.186
      33.2500     -280.833
      33.5000     -277.436
      33.7500     -273.994
      34.0000     -270.507
      34.2500     -266.974
      34.5000     -263.397
      34.7500     -259.775
      35.0000     -256.107
      35.2500     -252.394
      35.5000     -248.636
      35.7500     -244.833
      36.0000     -240.984
      36.2500     -237.089
      36.5000     -233.149
      36.7500     -229.163
      37.0000     -225.132
      37.2500     -221.054
      37.5000     -216.931
      37.7500     -212.761
      38.0000     -208.545
      38.2500     -204.283
      38.5000     -199.974
      38.7500     -195.619
      39.0000     -191.217
      39.2500     -186.768
      39.5000     -182.273
      39.7500     -177.730
      40.0000     -173.139
      40.2500     -168.502
      40.5000     -163.817
      40.7500     -159.084
      41.0000     -154.303
      41.2500     -149.474
      41.5000     -144.596
      41.7500     -139.671
      42.0000     -134.696
      42.2500     -129.672
      42.5000     -124.600
      42.7500     -119.477
      43.0000     -114.306
      43.2500     -109.084
      43.5000     -103.812
      43.7500     -98.4902
      44.0000     -93.1174
      44.2500     -87.6936
      44.5000     -82.2187
      44.7500     -76.6921
      45.0000     -71.1138
      45.2500     -65.4832
      45.5000     -59.8002
      45.7500     -54.0643
      46.0000     -48.2752
      46.2500     -42.4325
      46.5000     -36.5359
      46.7500     -30.5849
      47.0000     -24.5791
      47.2500     -18.5182
      47.5000     -12.4017
      47.7500     -6.22910
      48.0000      0.00000
      48.2500      6.28610
      48.5000      12.6297
      48.7500      19.0313
      49.0000      25.4914
      49.2500      32.0107
      49.5000      38.5895
      49.7500      45.2286
      50.0000      51.9285
      50.2500      58.6898
      50.5000      65.5133
      50.7500      72.3994
      51.0000      79.3490
      51.2500      86.3628
      51.5000      93.4414
      51.7500      100.586
      52.0000      107.796
      52.2500      115.074
      52.5000      122.420
      52.7500      129.835
      53.0000      137.319
      53.2500      144.874
      53.5000      152.501
      53.7500      160.201
      54.0000      167.974
      54.2500      175.822
      54.5000      183.515
      54.7500      190.892
      55.0000      197.946
      55.2500      204.667
      55.5000      211.047
      55.7500      217.077
      56.0000      222.749
      56.2500      228.055
      56.5000      232.985
      56.7500      237.531
      57.0000      241.684
      57.2500      245.437
      57.5000      248.781
      57.7500      251.706
      58.0000      254.205
      58.2500      256.268
      58.5000      257.888
      58.7500      259.056
      59.0000      259.762
      59.2500      260.000
      59.5000      260.000
      59.7500      260.000
      60.0000      260.000
      60.2500      260.000
      60.5000      260.000
      60.7500      260.000
      61.0000      260.000
      61.2500      260.000
      61.5000      260.000
      61.7500      260.000
      62.0000      260.000
      62.2500      260.000
      62.5000      260.000
      62.7500      260.000
      63.0000      260.000
      63.2500      260.000
      63.5000      260.000
      63.7500      260.000
      64.0000      260.000
      64.2500      260.000
      64.5000      259.940
      64.7500      259.758
      65.0000      259.456
      65.2500      259.034
      65.5000      258.491
      65.7500      257.829
      66.0000      257.048
      66.2500      256.149
      66.5000      255.133
      66.7500      254.000
      67.0000      252.751
      67.2500      251.389
      67.5000      249.914
      67.7500      248.327
      68.0000      246.630
      68.2500      244.824
      68.5000      242.912
      68.7500      240.895
      69.0000      238.774
      69.2500      236.553
      69.5000      234.232
      69.7500      231.814
      70.0000      229.302
      70.2500      226.697
      70.5000      224.002
      70.7500      221.220
      71.0000      218.353
      71.2500      215.404
      71.5000      212.375
      71.7500      209.270
      72.0000      206.091
      72.2500      202.841
      72.5000      199.523
      72.7500      196.141
      73.0000      192.697
      73.2500      189.195
      73.5000      185.638
      73.7500      182.029
      74.0000      178.372
      74.2500      174.669
      74.5000      170.925
      74.7500      167.144
      75.0000      163.327
      75.2500      159.479
      75.5000      155.605
      75.7500      151.706
      76.0000      147.787
      76.2500      143.851
      76.5000      139.903
      76.7500      135.946
      77.0000      131.982
      77.2500      128.017
      77.5000      124.054
      77.7500      120.097
      78.0000      116.148
      78.2500      112.213
      78.5000      108.294
      78.7500      104.395
      79.0000      100.520
      79.2500      96.6726
      79.5000      92.8562
      79.7500      89.0742
      80.0000      85.3303
      80.2500      81.6280
      80.5000      77.9706
      80.7500      74.3618
      81.0000      70.8046
      81.2500      67.3024
      81.5000      63.8587
      81.7500      60.4764
      82.0000      57.1588
      82.2500      53.9090
      82.5000      50.7299
      82.7500      47.6246
      83.0000      44.5959
      83.2500      41.6466
      83.5000      38.7796
      83.7500      35.9974
      84.0000      33.3028
      84.2500      30.6980
      84.5000      28.1855
      84.7500      25.7678
      85.0000      23.4471
      85.2500      21.2254
      85.5000      19.1050
      85.7500      17.0877
      86.0000      15.1754
      86.2500      13.3700
      86.5000      11.6730
      86.7500      10.0862
      87.0000      8.61089
      87.2500      7.24845
      87.5000      6.00024
      87.7500      4.86738
      88.0000      3.85089
      88.2500      2.95177
      88.5000      2.17084
      88.7500      1.50880
      89.0000     0.966305
      89.2500     0.543844
      89.5000     0.241811
      89.7500    0.0604701
      90.0000      0.00000
