       0.00050000002       0.0000000       0.0000000
       0.0015000001        0.023216471     0.000023216471
       0.0025000001        0.057625015     0.000080841485
       0.0035000002        0.0035854724    0.000084426958
       0.0045000002        0.034039279     0.00011846624
       0.0055000003        0.049191429     0.00016765767
       0.0065000003        0.049426162     0.00021708383
       0.0075000004        0.046314310     0.00026339814
       0.0085000004        0.027401652     0.00029079979
       0.0095000005        0.048074009     0.00033887380
       0.010500000         0.033254287     0.00037212809
       0.011500001         0.057020676     0.00042914876
       0.012500001         0.046993077     0.00047614184
       0.013500001         0.028306872     0.00050444871
       0.014500001         0.080342431     0.00058479114
       0.015500001         0.0089959409    0.00059378708
       0.016500001         0.0058143326    0.00059960142
       0.017500001         0.14875275      0.00074835416
       0.018500001         0.20653737      0.00095489154
       0.019500001         0.12312239      0.0010780139
       0.020500001         0.060763107     0.0011387770
       0.021500001         0.097692722     0.0012364698
       0.022500001         0.059270009     0.0012957398
       0.023500001         0.018667388     0.0013144072
       0.024500001         0.022149419     0.0013365566
       0.025500001         0.057134165     0.0013936907
       0.026500001         0.0094970601    0.0014031878
       0.027500001         0.080012322     0.0014832001
       0.028500001         0.069788374     0.0015529885
       0.029500001         0.086989993     0.0016399785
       0.030500001         0.090660913     0.0017306394
       0.031500001         0.054694251     0.0017853337
       0.032500002         0.0006079852    0.0017859416
       0.033500002         0.054060226     0.0018400019
       0.034500002         0.042699995     0.0018827019
       0.035500002         0.018191440     0.0019008933
       0.036500002         0.056862139     0.0019577554
       0.037500002         0.0000000       0.0019577554
       0.038500002         0.0000000       0.0019577554
       0.039500002         0.0004152771    0.0019581707
       0.040500002         0.0046500050    0.0019628207
       0.041500002         0.0061421082    0.0019689628
       0.042500002         0.0000000       0.0019689628
       0.043500002         0.012604750     0.0019815676
       0.044500002         0.0000000       0.0019815676
       0.045500002         0.0003397921    0.0019819074
       0.046500002         0.011336156     0.0019932435
       0.047500002         0.0011275077    0.0019943710
       0.048500002         0.0029783871    0.0019973494
       0.049500002         0.0087749552    0.0020061244
       0.050500002         0.014860977     0.0020209854
       0.051500002         0.0033355791    0.0020243209
       0.052500002         0.010486513     0.0020348074
       0.053500003         0.0043966812    0.0020392041
       0.054500003         0.0006395308    0.0020398437
       0.055500003         0.011057907     0.0020509016
       0.056500003         0.011709693     0.0020626113
       0.057500003         0.0022555115    0.0020648668
       0.058500003         0.0047754712    0.0020696422
       0.059500003         0.033335699     0.0021029779
       0.060500003         0.013945085     0.0021169230
       0.061500003         0.0013585615    0.0021182816
       0.062500003         0.031317063     0.0021495986
       0.063500003         0.0072115421    0.0021568102
       0.064500003         0.0094090380    0.0021662192
       0.065500003         0.0046069419    0.0021708262
       0.066500003         0.0014232323    0.0021722494
       0.067500003         0.0030907518    0.0021753402
       0.068500003         0.0059691750    0.0021813093
       0.069500003         0.0013961637    0.0021827055
       0.070500003         0.0041123052    0.0021868178
       0.071500003         0.0073619478    0.0021941797
       0.072500003         0.0005649556    0.0021947447
       0.073500003         0.0006611649    0.0021954059
       0.074500004         0.0008138277    0.0021962197
       0.075500004         0.0040578506    0.0022002775
       0.076500004         0.0091876257    0.0022094652
       0.077500004         0.0079277194    0.0022173929
       0.078500004         0.014462011     0.0022318549
       0.079500004         0.010203604     0.0022420585
       0.080500004         0.0033050522    0.0022453636
       0.081500004         0.0039914313    0.0022493550
       0.082500004         0.0050695603    0.0022544245
       0.083500004         0.014458418     0.0022688830
       0.084500004         0.0084961038    0.0022773791
       0.085500004         0.0099481232    0.0022873272
       0.086500004         0.012554265     0.0022998815
       0.087500004         0.015897285     0.0023157787
       0.088500004         0.019730732     0.0023355095
       0.089500004         0.025194586     0.0023607041
       0.090500004         0.037257978     0.0023979620
       0.091500004         0.035034715     0.0024329968
       0.092500004         0.019338636     0.0024523354
       0.093500004         0.016200312     0.0024685357
       0.094500004         0.011677488     0.0024802132
       0.095500005         0.0009630352    0.0024811762
       0.096500005         0.0011260429    0.0024823023
       0.097500005         0.10366316      0.0025859654
       0.098500005         0.0057402352    0.0025917057
       0.099500005         0.010083922     0.0026017896
       0.10050000          0.0019743442    0.0026037639
       0.10150000          0.0054915079    0.0026092554
       0.10250000          0.053235175     0.0026624906
       0.10350000          0.10406392      0.0027665545
       0.10450000          0.15813241      0.0029246870
       0.10550001          1.6864474       0.0046111344
       0.10650001          2.3178291       0.0069289635
       0.10750001          2.9882365       0.0099172000
       0.10850001          5.7077267       0.015624927
       0.10950001          3.3293331       0.018954260
       0.11050001          0.0000000       0.018954260
       0.11150001          0.0000000       0.018954260
       0.11250001          3.4946332       0.022448893
       0.11350001          0.0000000       0.022448893
       0.11450001          0.0000000       0.022448893
       0.11550001          0.0000000       0.022448893
       0.11650001          0.0000000       0.022448893
       0.11750001         13.327195        0.035776088
       0.11850001          0.0000000       0.035776088
       0.11950001          0.0000000       0.035776088
       0.12050001         19.845646        0.055621735
       0.12150001          7.2928458       0.062914580
       0.12250001          1.1826629       0.064097243
       0.12350001          0.047646132     0.064144889
       0.12450001          0.034291232     0.064179180
       0.12550000          0.028787454     0.064207968
       0.12650000          0.035190217     0.064243158
       0.12750001          0.021245980     0.064264404
       0.12850001          0.017250497     0.064281655
       0.12950001          0.039894895     0.064321550
       0.13050001          0.12046381      0.064442013
       0.13150001          0.039785024     0.064481799
       0.13250001          0.041213407     0.064523012
       0.13350001          0.16781029      0.064690822
       0.13450001          0.045668371     0.064736491
       0.13550001          0.037977065     0.064774468
       0.13650001          0.030905060     0.064805373
       0.13750001          0.029167026     0.064834540
       0.13850001          0.039635190     0.064874175
       0.13950001          0.075534605     0.064949710
       0.14050001          0.060681400     0.065010391
       0.14150001          0.042022490     0.065052413
       0.14250001          0.046777114     0.065099191
       0.14350001          0.051042295     0.065150233
       0.14450001          0.050872488     0.065201105
       0.14550001          0.055287496     0.065256393
       0.14650001          0.070789968     0.065327183
       0.14750001          0.084754182    00.065411937
       0.14850001          0.081897416     0.065493834
       0.14950001          0.079470156     0.065573305
       0.15050001          0.086871792     0.065660176
       0.15150001          0.092555362     0.065752732
       0.15250001          0.11616867      0.065868900
       0.15350001          0.12975330      0.065998654
       0.15450001          0.20566747      0.066204321
       0.15550001          0.21415788      0.066418479
       0.15650001          0.18449142      0.066602970
       0.15750001          0.17150610      0.066774477
       0.15850001          0.16731087      0.066941787
       0.15950001          0.17520193      0.067116989
       0.16050001          0.19318160      0.067310171
       0.16150001          0.22254841      0.067532719
       0.16250001          0.25161554      0.067784335
       0.16350001          0.28377917      0.068068114
       0.16450001          0.29696428      0.068365078
       0.16550001          0.42971419      0.068794793
       0.16650001          0.39844955      0.069193242
       0.16750001          0.38706238      0.069580304
       0.16850001          0.45508551      0.070035390
       0.16950001          0.58703637      0.070622426
       0.17050001          0.66085289      0.071283279
       0.17150001          0.68722311      0.071970502
       0.17250001          0.72438108      0.072694883
       0.17350001          0.76363667      0.073458520
       0.17450001          0.90567611      0.074364196
       0.17550001          1.0777816       0.075441978
       0.17650001          1.2186223       0.076660600
       0.17750001          1.4014157       0.078062016
       0.17850001          1.5362632       0.079598279
       0.17950001          1.5742203       0.081172499
       0.18050001          1.8289322       0.083001431
       0.18150001          2.2304785       0.085231910
       0.18250001          2.2404671       0.087472377
       0.18350001          2.2414660       0.089713843
       0.18450001          2.0636670       0.091777510
       0.18550001          2.3083904       0.094085900
       0.18650001          2.6969512       0.096782852
       0.18750001          3.0056020       0.099788453
       0.18850001          3.2872833       0.10307574
       0.18950001          3.5649697       0.10664071
       0.19050001          3.7597495       0.11040046
       0.19150001          4.1602967       0.11456075
       0.19250001          4.1083554       0.11866911
       0.19350001          3.8037000       0.12247281
       0.19450001          5.2041165       0.12767692
       0.19550001          5.4208716       0.13309780
       0.19650001          6.0012155       0.13909901
       0.19750001          6.1840085       0.14528302
       0.19850001          6.1800131       0.15146303
       0.19950001          6.6564745       0.15811951
       0.20050001          7.3177270       0.16543723
       0.20150001          8.0139396       0.17345117
       0.20250001          8.2516699       0.18170284
       0.20350001          9.2065913       0.19090944
       0.20450001         10.238425        0.20114786
       0.20550001         10.528098        0.21167596
       0.20650001         11.067487        0.22274345
       0.20750001         12.635715        0.23537916
       0.20850001         15.033005        0.25041217
       0.20950001         21.355855        0.27176802
       0.21050001         27.888472        0.29965649
       0.21150001         33.502128        0.33315862
       0.21250001         31.264656        0.36442328
       0.21350001         33.112567        0.39753584
       0.21450001         39.984793        0.43752064
       0.21550001         36.109180        0.47362982
       0.21650001         32.233559        0.50586337
       0.21750001         35.250150        0.54111352
       0.21850001         44.319891        0.58543342
       0.21950001         46.867014        0.63230043
       0.22050001         47.276553        0.67957698
       0.22150001         39.535307        0.71911229
       0.22250001         49.593933        0.76870622
       0.22350001         62.938840        0.83164506
       0.22450001         58.903408        0.89054847
       0.22550001         52.230951        0.94277942
       0.22650001         39.355509        0.98213493
       0.22750001         39.874919        1.0220099
       0.22850001         51.891335        1.0739012
       0.22950001         47.656123        1.1215573
       0.23050001         52.061141        1.1736184
       0.23150001         50.912444        1.2245309
       0.23250001         53.199854        1.2777307
       0.23350001         44.689477        1.3224202
       0.23450001         38.925995        1.3613462
       0.23550001         51.361930        1.4127081
       0.23650001         48.535128        1.4612433
       0.23750001         48.385300        1.5096286
       0.23850001         41.912616        1.5515412
       0.23950001         44.070174        1.5956114
       0.24050001         39.515324        1.6351267
       0.24150001         51.421866        1.6865486
       0.24250001         70.520275        1.7570688
       0.24350001         66.454866        1.8235237
       0.24450001         60.901151        1.8844248
       0.24550001         49.334225        1.9337591
       0.24650001         50.343086        1.9841022
       0.24750001         55.437323        2.0395395
       0.24850001         45.598452        2.0851379
       0.24950001         56.316332        2.1414543
       0.25050001         60.032130        2.2014873
       0.25150003         45.958043        2.2474447
       0.25250001         41.503076        2.2889484
       0.25350003         51.491786        2.3404394
       0.25450001         59.502733        2.3999412
       0.25550000         79.210454        2.4791529
       0.25650001        101.68504         2.5808379
       0.25750001        125.25839         2.7060963
       0.25850001        124.95873         2.8310550
       0.25950001        103.88256         2.9349376
       0.26050001         85.413442        3.0203510
       0.26150001         89.698599        3.1100496
       0.26250001        103.48301         3.2135326
       0.26350001        165.61277         3.3791454
       0.26450001        249.41801         3.6285634
       0.26550001        252.41462         3.8809780
       0.26650001        249.11836         4.1300964
       0.26750001        250.51678         4.3806131
       0.26850001        243.52469         4.6241378
       0.26950001        238.63022         4.8627681
       0.27050001        266.99812         5.1297662
       0.27150001        224.14659         5.3539128
       0.27250001        197.17707         5.5510898
       0.27350001        196.27810         5.7473679
       0.27450001        132.45027         5.8798182
       0.27550001        174.90228         6.0547205
       0.27650001        242.52582         6.2972463
       0.27750001        233.53598         6.5307823
       0.27850001        159.12011         6.6899024
       0.27950001         85.453399        6.7753558
       0.28050001         94.523140        6.8698789
       0.28150001        208.06477         7.0779437
       0.28250001        293.76790         7.3717116
       0.28350001        313.14600         7.6848576
       0.28450001        235.03429         7.9198919
       0.28550001        162.91583         8.0828077
       0.28650001        322.33560         8.4051433
       0.28750001        335.92022         8.7410635
       0.28850001        321.83618         9.0628997
       0.28950001        472.16619         9.5350659
       0.29050001        600.62093        10.135687
       0.29150001        580.14411        10.715831
       0.29250001        521.31063        11.237142
       0.29350001        534.89531        11.772037
       0.29450001        508.22545        12.280262
       0.29550001        552.57530        12.832838
       0.29650001        509.02451        13.341862
       0.29750001        506.72711        13.848589
       0.29850001        464.97432        14.313564
       0.29950001        483.45343        14.797017
       0.30050001        419.52572        15.216543
       0.30150001        454.98562        15.671528
       0.30250001        488.44779        16.159976
       0.30350001        619.89916        16.779875
       0.30450001        601.81964        17.381695
       0.30550001        594.12832        17.975823
       0.30650001        555.07249        18.530896
       0.30750001        614.30550        19.145201
       0.30850001        610.70955        19.755911
       0.30950001        495.93932        20.251850
       0.31050001        621.69719        20.873547
       0.31150001        728.37658        21.601924
       0.31250001        655.15936        22.257083
       0.31350001        699.10968        22.956193
       0.31450001        662.15140        23.618344
       0.31550001        632.28518        24.250630
       0.31650002        632.48498        24.883114
       0.31750002        773.02612        25.656141
       0.31850002        664.14917        26.320290
       0.31950002        709.69767        27.029987
       0.32050002        804.19076        27.834178
       0.32150002        698.71009        28.532888
       0.32250002        687.82235        29.220711
       0.32350002        660.55322        29.881264
       0.32450002        759.94081        30.641205
       0.32550002        874.81094        31.516016
       0.32650002        978.39386        32.494410
       0.32750002        951.62417        33.446034
       0.32850002        916.56376        34.362597
       0.32950002       1059.8018         35.422399
       0.33050002       1014.8527         36.437252
       0.33150002        964.60951        37.401861
       0.33250002        953.82173        38.355683
       0.33350002        920.55924        39.276242
       0.33450002        957.81721        40.234060
       0.33550002        942.33466        41.176394
       0.33650002        808.58589        41.984980
       0.33750002        840.84935        42.825830
       0.33850002        920.45940        43.746289
       0.33950002        957.01803        44.703307
       0.34050002       1005.8628         45.709170
       0.34150002        922.75674        46.631927
       0.34250002        991.87864        47.623805
       0.34350002        949.52650        48.573332
       0.34450002        794.80142        49.368133
       0.34550002        938.13939        50.306272
       0.34650002        925.35390        51.231626
       0.34750002        900.68174        52.132308
       0.34850002        896.18684        53.028495
       0.34950002        888.79515        53.917290
       0.35050002       1048.8143         54.966104
       0.35150002        978.39386        55.944498
       0.35250002        906.87473        56.851373
       0.35350002       1031.8334         57.883206
       0.35450002       1109.7454         58.992952
       0.35550002       1043.8199         60.036772
       0.35650002        911.26979        60.948042
       0.35750002        795.10112        61.743143
       0.35850002        692.81668        62.435959
       0.35950002        989.98077        63.425940
       0.36050002        969.70369        64.395644
       0.36150002        877.10840        65.272752
       0.36250002        996.67324        66.269425
       0.36350002        995.77428        67.265200
       0.36450002       1011.8561         68.277056
       0.36550002       1150.6990         69.427755
       0.36650002       1231.6076         70.659362
       0.36750002       1178.6674         71.838030
       0.36850002       1099.7566         72.937786
       0.36950002       1224.6156         74.162402
       0.37050002       1137.7138         75.300116
       0.37150002       1173.6732         76.473789
       0.37250002       1052.8097         77.526599
       0.37350002        919.16085        78.445760
       0.37450002        899.38326        79.345143
       0.37550002       1060.8007         80.405944
       0.37650002       1083.7747         81.489718
       0.37750002       1280.5523         82.770270
       0.37850002       1325.5015         84.095772
       0.37950002       1064.7962         85.160568
       0.38050002       1200.6426         86.361211
       0.38150002       1080.7781         87.441989
       0.38250002        790.40641        88.232395
       0.38350002        683.32744        88.915723
       0.38450002        958.61627        89.874339
       0.38550002       1006.8617         90.881201
       0.38650002       1005.8628         91.887064
       0.38750002       1002.8662         92.889930
       0.38850002        983.18846        93.873118
       0.38950002       1172.6743         95.045793
       0.39050002       1245.5918         96.291384
       0.39150002       1340.4846         97.631869
       0.39250002       1017.8493         98.649718
       0.39350002        581.64246        99.231361
       0.39450002       1024.8413        100.25620
       0.39550002       1312.5162        101.56872
       0.39650002        853.53501       102.42225
       0.39750002        927.75113       103.35000
       0.39850002       1520.2812        104.87029
       0.39950002       1661.1221        106.53141
       0.40050002       1680.1006        108.21151
       0.40150002       1744.0283        109.95554
       0.40250002       1757.0137        111.71255
       0.40350002       1682.0984        113.39465
       0.40450002       1672.1096        115.06676
       0.40550002       1665.1175        116.73188
       0.40650002       1587.2057        118.31908
       0.40750002       1626.1616        119.94524
       0.40850002       1733.0407        121.67828
       0.40950002       1713.0634        123.39135
       0.41050002       1530.2700        124.92162
       0.41150002       1814.9481        126.73657
       0.41250002       1786.9797        128.52355
       0.41350002       1754.0170        130.27756
       0.41450002       1735.0384        132.01260
       0.41550002       1732.0419        133.74464
       0.41650002       1839.9199        135.58456
       0.41750002       1663.1197        137.24768
       0.41850002       1682.0984        138.92978
       0.41950002       1699.0791        140.62886
       0.42050002       1755.0159        142.38388
       0.42150002       1794.9707        144.17885
       0.42250002       1580.2134        145.75906
       0.42350002       1709.0678        147.46813
       0.42450002       1765.0047        149.23313
       0.42550002       1693.0859        150.92622
       0.42650002       1696.0825        152.62230
       0.42750002       1567.2282        154.18953
       0.42850002       1585.2078        155.77474
       0.42950002       1473.3343        157.24807
       0.43050002       1133.7184        158.38179
       0.43150002       1684.0960        160.06589
       0.43250002       1644.1412        161.71003
       0.43350002       1729.0453        163.43907
       0.43450002       1668.1141        165.10719
       0.43550002       1721.0543        166.82824
       0.43650002       1926.8216        168.75506
       0.43750002       1803.9606        170.55902
       0.43850002       1565.2304        172.12425
       0.43950002       1822.9391        173.94719
       0.44050002       1711.0656        175.65826
       0.44150002       1928.8194        177.58708
       0.44250002       1977.7640        179.56484
       0.44350002       1906.8443        181.47168
       0.44450002       1970.7719        183.44246
       0.44550002       1818.9436        185.26140
       0.44650002       1888.8647        187.15027
       0.44750002       2074.6544        189.22492
       0.44850002       1970.7719        191.19569
       0.44950002       2024.7109        193.22040
       0.45050002       2141.5787        195.36198
       0.45150002       2106.6182        197.46860
       0.45250002       1938.8081        199.40741
       0.45350002       1967.7754        201.37518
       0.45450002       1976.7652        203.35195
       0.45550002       2031.7030        205.38365
       0.45650002       2074.6544        207.45831
       0.45750002       2097.6286        209.55593
       0.45850002       1968.7742        211.52471
       0.45950002       2006.7313        213.53144
       0.46050002       2037.6964        215.56914
       0.46150002       2052.6793        217.62182
       0.46250002       2101.6240        219.72344
       0.46350002       2037.6964        221.76114
       0.46450002       1973.7685        223.73490
       0.46550002       2039.6941        225.77460
       0.46650002       1918.8307        227.69343
       0.46750002       2012.7244        229.70615
       0.46850002       1991.7482        231.69790
       0.46950002       1987.7528        233.68565
       0.47050002       1874.8803        235.56053
       0.47150002       2015.7211        237.57626
       0.47250002       2038.6951        239.61495
       0.47350002       1988.7516        241.60370
       0.47450002       2048.6839        243.65239
       0.47550002       2013.7234        245.66611
       0.47650002       1953.7912        247.61990
       0.47750002       2072.6569        249.69256
       0.47850002       2006.7313        251.69929
       0.47950002       2073.6556        253.77294
       0.48050002       2032.7020        255.80565
       0.48150002       2087.6398        257.89329
       0.48250002       2020.7155        259.91400
       0.48350002       2016.7201        261.93072
       0.48450002       1966.7765        263.89750
       0.48550002       1827.9335        265.72543
       0.48650002       1623.1649        267.34860
       0.48750002       1827.9335        269.17653
       0.48850002       1911.8387        271.08837
       0.48950002       1957.7866        273.04616
       0.49050002       2004.7336        275.05089
       0.49150002       1893.8589        276.94475
       0.49250002       1893.8589        278.83861
       0.49350002       1885.8679        280.72447
       0.49450002       2055.6760        282.78015
       0.49550002       1923.8250        284.70398
       0.49650002       2014.7224        286.71870
       0.49750002       2015.7211        288.73442
       0.49850002       1863.8928        290.59831
       0.49950002       1967.7754        292.56615
       0.50050005       1854.9029        294.42099
       0.50150002       1809.9537        296.23095
       0.50250002       1891.8612        298.12281
       0.50350002       1931.8160        300.05457
       0.50449999       1866.8894        301.92157
       0.50550005       1990.7494        303.91226
       0.50650002       1958.7856        305.87104
       0.50750002       1903.8476        307.77483
       0.50849999       1916.8329        309.69178
       0.50950005       1913.8363        311.60556
       0.51050002       1944.8012        313.55036
       0.51150002       1994.7449        315.54511
       0.51250002       1864.8917        317.41000
       0.51350002       1858.8984        319.26890
       0.51450002       1871.8838        321.14078
       0.51550002       1897.8543        323.03864
       0.51650002       1667.1152        324.70575
       0.51750002       1724.0509        326.42980
       0.51850002       1652.1322        328.08193
       0.51950002       1825.9356        329.90787
       0.52050002       1828.9323        331.73680
       0.52150002       1903.8476        333.64065
       0.52250002       1820.9413        335.46159
       0.52350002       1891.8612        337.35345
       0.52450002       1955.7890        339.30924
       0.52550002       1927.8206        341.23706
       0.52650003       1672.1096        342.90917
       0.52750003       1825.9356        344.73511
       0.52850003       1894.8578        346.62996
       0.52950003       1915.8341        348.54580
       0.53050003       1949.7956        350.49559
       0.53150003       1960.7831        352.45638
       0.53250003       1768.0012        354.22438
       0.53350003       1920.8285        356.14521
       0.53450003       1855.9019        358.00111
       0.53550003       1987.7528        359.98886
       0.53650003       1868.8872        361.85775
       0.53750003       1879.8747        363.73762
       0.53850003       1901.8499        365.63947
       0.53950003       1829.9312        367.46940
       0.54050003       1767.0022        369.23641
       0.54150003       1878.8759        371.11528
       0.54250003       1822.9391        372.93822
       0.54350003       1876.8782        374.81510
       0.54450003       1876.8782        376.69198
       0.54550003       1898.8532        378.59083
       0.54650003       1876.8782        380.46771
       0.54750003       1830.9300        382.29864
       0.54850003       1860.8963        384.15954
       0.54950003       1892.8601        386.05240
       0.55050003       1859.8973        387.91229
       0.55150003       1868.8872        389.78118
       0.55250003       1843.9154        391.62510
       0.55350003       1879.8747        393.50497
       0.55450003       1895.8566        395.40083
       0.55550003       1894.8578        397.29568
       0.55650003       1818.9436        399.11463
       0.55750003       1843.9154        400.95854
       0.55850003       1784.9820        402.74353
       0.55950003       1805.9583        404.54948
       0.56050003       1840.9188        406.39040
       0.56150003       1821.9402        408.21234
       0.56250003       1847.9109        410.06025
       0.56350003       1858.8984        411.91915
       0.56450003       1851.9063        413.77106
       0.56550003       1795.9696        415.56703
       0.56650003       1826.9346        417.39396
       0.56750003       1884.8691        419.27883
       0.56850003       1807.9560        421.08679
       0.56950003       1857.8996        422.94469
       0.57050003       1767.0022        424.71169
       0.57150003       1820.9413        426.53263
       0.57250003       1889.8634        428.42249
       0.57350003       1873.8815        430.29638
       0.57450003       1864.8917        432.16127
       0.57550003       1827.9335        433.98920
       0.57650003       1843.9154        435.83312
       0.57750003       1854.9029        437.68802
       0.57850003       1780.9866        439.46901
       0.57950003       1825.9356        441.29494
       0.58050003       1835.9244        443.13087
       0.58150003       1850.9075        444.98177
       0.58250003       1870.8849        446.85266
       0.58350003       1854.9029        448.70756
       0.58450003       1857.8996        450.56546
       0.58550003       1780.9866        452.34645
       0.58650003       1827.9335        454.17438
       0.58750003       1845.9131        456.02029
       0.58850003       1748.0238        457.76832
       0.58950003       1610.1797        459.37850
       0.59050003       1810.9526        461.18945
       0.59150003       1784.9820        462.97443
       0.59250003       1805.9583        464.78039
       0.59350003       1793.9718        466.57436
       0.59450003       1770.9978        468.34536
       0.59550003       1779.9877        470.12535
       0.59650003       1802.9616        471.92831
       0.59750003       1777.9899        473.70630
       0.59850003       1755.0159        475.46131
       0.59950003       1771.9966        477.23331
       0.60050003       1744.0283        478.97734
       0.60150003       1749.0227        480.72636
       0.60250003       1717.0588        482.44342
       0.60350003       1784.9820        484.22840
       0.60450003       1773.9943        486.00240
       0.60550003       1761.0091        487.76341
       0.60650003       1757.0137        489.52042
       0.60750003       1755.0159        491.27544
       0.60850003       1741.0317        493.01647
       0.60950003       1742.0306        494.75850
       0.61050003       1701.0769        496.45958
       0.61150003       1744.0283        498.20360
       0.61250003       1703.0746        499.90668
       0.61350003       1681.0994        501.58778
       0.61450003       1711.0656        503.29884
       0.61550003       1711.0656        505.00991
       0.61650003       1607.1830        506.61709
       0.61750003       1705.0724        508.32216
       0.61850003       1722.0532        510.04422
       0.61950003       1705.0724        511.74929
       0.62050003       1732.0419        513.48133
       0.62150003       1688.0915        515.16942
       0.62250003       1711.0656        516.88049
       0.62350003       1664.1187        518.54461
       0.62450003       1654.1300        520.19874
       0.62550003       1630.1571        521.82889
       0.62650003       1695.0836        523.52398
       0.62750003       1695.0836        525.21906
       0.62850003       1695.0836        526.91415
       0.62950003       1675.1062        529.42680
       0.63100003       1637.1491        532.70110
       0.63300003       1649.1356        535.99937
       0.63500003       1654.1300        539.30763
       0.63700003       1652.1322        542.61190
       0.63900003       1649.1356        545.91017
       0.64100003       1612.1774        549.13452
       0.64300003       1619.1694        552.37286
       0.64500003       1625.1627        555.62319
       0.64700003       1601.1898        558.82557
       0.64900003       1556.2406        561.93805
       0.65100003       1604.1863        565.14642
       0.65300003       1597.1943        568.34081
       0.65500003       1530.2700        571.40135
       0.65700003       1382.4371        574.16623
       0.65900003       1547.2508        577.26073
       0.66100003       1569.2259        580.39918
       0.66300003       1553.2440        583.50567
       0.66500003       1558.2384        586.62214
       0.66700003       1533.2666        589.68868
       0.66900003       1544.2541        592.77718
       0.67100003       1514.2881        595.80576
       0.67300003       1519.2825        598.84433
       0.67500003       1508.2947        601.86092
       0.67700003       1506.2971        604.87351
       0.67900003       1496.3083        607.86613
       0.68100003       1490.3151        610.84676
       0.68300003       1477.3297        613.80142
       0.68500003       1453.3569        616.70813
       0.68700003       1465.3434        619.63882
       0.68900003       1459.3501        622.55752
       0.69100003       1446.3648        625.45025
       0.69300003       1446.3648        628.34298
       0.69500003       1434.3784        631.21173
       0.69700003       1414.4010        634.04053
       0.69900003       1423.3909        636.88732
       0.70100003       1384.4350        639.65619
       0.70300003       1386.4325        642.42905
       0.70500003       1413.4021        645.25586
       0.70700003       1398.4190        648.05269
       0.70900003       1382.4371        650.81757
       0.71100003       1383.4360        653.58444
       0.71300003       1371.4495        656.32734
       0.71500003       1364.4575        659.05625
       0.71700003       1352.4710        661.76120
       0.71900003       1326.5003        664.41420
       0.72100003       1329.4969        667.07319
       0.72300003       1346.4778        669.76615
       0.72500003       1348.4756        672.46310
       0.72700003       1344.4801        675.15206
       0.72900003       1317.5105        677.78708
       0.73100003       1324.5026        680.43608
       0.73300003       1316.5116        683.06911
       0.73500003       1307.5218        685.68415
       0.73700004       1305.5240        688.29520
       0.73900004       1276.5569        690.84831
       0.74100004       1256.5794        693.36147
       0.74300004       1284.5478        695.93057
       0.74500004       1277.5556        698.48568
       0.74700004       1281.5511        701.04878
       0.74900004       1268.5659        703.58591
       0.75100004       1260.5750        706.10706
       0.75300004       1257.5781        708.62222
       0.75500004       1253.5827        711.12938
       0.75700004       1246.5906        713.62256
       0.75900004       1238.5997        716.09976
       0.76100004       1235.6031        718.57097
       0.76300004       1239.5985        721.05017
       0.76500004       1219.6212        723.48941
       0.76700004       1183.6618        725.85673
       0.76900004       1201.6416        728.26002
       0.77100004       1202.6403        730.66530
       0.77300004       1206.6358        733.07857
       0.77500004       1186.6584        735.45189
       0.77700004       1194.6494        737.84118
       0.77900004       1185.6597        740.21250
       0.78100004       1185.6597        742.58382
       0.78300004       1174.6719        744.93317
       0.78500004       1178.6674        747.29050
       0.78700004       1175.6709        749.64184
       0.78900004       1172.6743        751.98719
       0.79100004       1156.6923        754.30058
       0.79300004       1141.7093        756.58399
       0.79500004       1132.7194        758.84943
       0.79700004       1150.6990        761.15083
       0.79900004       1133.7184        763.41827
       0.80100004       1140.7104        765.69969
       0.80300004       1127.7250        767.95514
       0.80500004       1113.7409        770.18262
       0.80700004       1118.7352        772.42009
       0.80900004       1093.7635        774.60762
       0.81100004       1112.7420        776.83310
       0.81300004       1113.7409        779.06058
       0.81500004       1105.7500        781.27208
       0.81700004       1102.7533        783.47759
       0.81900004       1061.7997        785.60119
       0.82100004       1078.7803        787.75875
       0.82300004       1071.7883        789.90233
       0.82500004       1073.7860        790.97611
       0.82600004       1078.7803        793.13367
       0.82800004       1079.7793        795.29323
       0.83000004       1061.7997        797.41683
       0.83200004       1049.8132        799.51646
       0.83400004       1039.8244        801.59611
       0.83600004       1050.8120        803.69773
       0.83800004       1042.8211        805.78337
       0.84000004       1038.8256        807.86102
       0.84200004       1034.8301        809.93068
       0.84400004       1022.8436        811.97637
       0.84600004       1026.8391        814.0300
       0.84800004       1021.8448        816.07374
       0.85000004        964.90909       818.00356
       0.85200004        994.97510       819.99351
       0.85400004        877.00851       821.74753
       0.85600004        974.39839       823.69632
       0.85800004       1003.8651        825.70405
       0.86000004        995.77428       827.69560
       0.86200004        993.77657       829.68315
       0.86400004        998.17152       831.67950
       0.86600004        885.19926       833.44990
       0.86800004        938.43908       835.32677
       0.87000004        973.59933       837.27397
       0.87200004        982.18955       839.23835
       0.87400004        970.20311       841.17876
       0.87600004        962.91138       843.10458
       0.87800004        973.79912       845.05218
       0.88000004        954.32110       846.96082
       0.88200004        950.02593       848.86087
       0.88400004        956.81829       850.77451
       0.88600004        937.24043       852.64899
       0.88800004        943.23362       854.53546
       0.89000004        951.92380       856.43930
       0.89200004        938.33918       858.31598
       0.89400004        932.14620       860.18028
       0.89600004        937.63996       862.05556
       0.89800004        932.84536       863.92125
       0.90000004        914.76579       865.75078
       0.90200004        890.59312       867.53196
       0.90400004        927.45144       869.38687
       0.90600004        916.56376       871.21999
       0.90800004        901.48080       873.02296
       0.91000004        890.59312       874.80414
       0.91200004        895.68741       876.59552
       0.91400004        906.07561       878.40767
       0.91600004        899.38326       880.20643
       0.91800004        894.08917       881.99461
       0.92000004        889.79406       883.77420
       0.92200004        862.02545       885.49825
       0.92400004        857.53048       887.21331
       0.92600004        860.22748       888.93377
       0.92800004        875.90976       890.68559
       0.93000004        866.72015       892.41903
       0.93200004        864.12306       894.14727
       0.93400004        863.12420       895.87352
       0.93600004        853.73486       897.58099
       0.93800004        857.03112       899.29505
       0.94000004        842.84712       900.98075
       0.94200004        824.06832       902.62889
       0.94400004        831.46001       904.29181
       0.94600004        836.55424       905.96491
       0.94800005        839.75066       907.64442
       0.95000005        835.95497       909.31633
       0.95200005        830.76079       910.97785
       0.95400005        807.08755       912.59202
       0.95600005        807.28734       914.20660
       0.95800005        817.87533       915.84235
       0.96000005        814.17949       917.47071
       0.96200005        807.98657       919.08668
       0.96400005        800.39514       920.68747
       0.96600005        793.80257       922.27507
       0.96800005        796.00013       923.86708
       0.97000005        795.00128       925.45708
       0.97200005        792.70376       927.04249
       0.97400005        780.61748       928.60372
       0.97600005        781.61640       930.16695
       0.97800005        777.02160       931.72100
       0.98000005        773.72528       933.26845
       0.98200005        775.52325       934.81949
       0.98400005        768.93068       936.35735
       0.98600005        765.23484       937.88782
       0.98800005        760.64003       939.40910
       0.99000005        753.24840       940.91560
       0.99200005        755.84550       942.42729
       0.99400005        754.74668       943.93679
       0.99600005        751.65022       945.44009
       0.99800005        750.15188       946.94039
       1.0000000         747.05548       948.43450
       1.0020000         746.05657       949.92657
       1.0040000         725.28000       951.37722
       1.0060001         712.79413       952.80276
       1.0080000         732.67169       954.26810
       1.0100000         730.47418       955.72901
       1.0120000         725.37995       957.17986
       1.0140001         720.18576       958.62023
       1.0160001         713.09383       960.04637
       1.0180000         709.89747       961.46617
       1.0200000         703.30484       962.87273
       1.0220000         701.30713       964.27539
       1.0240000         704.60344       965.68460
       1.0260000         701.90645       967.08841
       1.0280000         698.11077       968.48463
       1.0300000         692.91664       969.87047
       1.0320000         689.72028       971.24991
       1.0340000         680.93020       972.61177
       1.0360000         683.22761       973.97822
       1.0380000         676.43530       975.33109
       1.0400000         675.33649       976.68177
       1.0420000         673.83815       978.02944
       1.0440000         670.64185       979.37073
       1.0460000         659.25468       980.68924
       1.0480000         663.64975       982.01653
       1.0500000         661.45218       983.33944
       1.0520000         657.85623       984.65515
       1.0540001         654.16045       985.96347
       1.0560001         654.95957       987.27339
       1.0580001         644.37152       988.56213
       1.0600001         640.77557       989.84369
       1.0620001         643.07297       991.12983
       1.0640001         645.17064       992.42017
       1.0660001         638.77780       993.69773
       1.0680001         630.98670       994.95970
       1.0700001         623.39515       996.20649
       1.0720001         631.88560       997.47026
       1.0740001         626.89126       998.72405
       1.0760001         627.29079       999.97863
       1.0780001         626.49173      1001.2316
       1.0800001         623.99454      1002.4796
       1.0820001         609.21127      1003.6980
       1.0840001         617.30213      1004.9326
       1.0860001         620.09890      1006.1728
       1.0880001         609.61080      1007.3920
       1.0900001         619.20000      1008.6304
       1.0920001         615.20452      1009.8609
       1.0940001         584.23955      1011.0293
       1.0960001         597.62437      1012.2246
       1.0980001         595.42680      1013.4154
       1.1000001         603.51772      1014.6225
       1.1020001         592.53014      1015.8075
       1.1040001         596.72535      1017.0010
       1.1060001         593.82863      1018.1886
       1.1080001         590.93190      1019.3705
       1.1100001         589.93304      1020.5504
       1.1120001         583.64016      1021.7177
       1.1140001         583.74006      1022.8851
       1.1160001         582.44152      1024.0500
       1.1180001         580.84334      1025.2117
       1.1200001         573.45170      1026.3586
       1.1220001         578.94546      1027.5165
       1.1240001         576.24859      1028.6690
       1.1260001         564.86142      1029.7987
       1.1280001         569.35627      1030.9374
       1.1300001         564.66157      1032.0668
       1.1320001         567.15877      1033.2011
       1.1340001         563.16329      1034.3274
       1.1360001         565.16106      1035.4577
       1.1380001         556.27114      1036.5703
       1.1400001         552.37550      1037.6750
       1.1420001         552.47540      1038.7800
       1.1440001         550.77738      1039.8815
       1.1460001         554.17348      1040.9899
       1.1480001         551.87607      1042.0936
       1.1500001         548.28019      1043.1902
       1.1520001         545.18361      1044.2805
       1.1540001         547.28127      1045.3751
       1.1560001         544.88403      1046.4649
       1.1580001         542.88626      1047.5506
       1.1600001         531.39920      1048.6134
       1.1620001         531.89862      1049.6772
       1.1640001         532.59785      1050.7424
       1.1660001         529.70112      1051.8018
       1.1680001         530.60014      1052.8630
       1.1700001         527.00419      1053.9170
       1.1720001         530.89983      1054.9788
       1.1740001         526.70450      1056.0323
       1.1760001         517.81458      1057.0679
       1.1780001         518.41391      1058.1047
       1.1800001         523.30840      1059.1513
       1.1820001         515.31739      1060.1820
       1.1840001         509.72373      1061.2014
       1.1860001         518.11427      1062.2376
       1.1880001         506.92690      1063.2515
       1.1900001         507.92575      1064.2673
       1.1920001         515.51718      1065.2984
       1.1940001         513.91900      1066.3262
       1.1960001         507.82586      1067.3419
       1.1980001         493.74179      1068.3294
       1.2000001         499.73500      1069.3288
       1.2020001         506.22768      1070.3413
       1.2040001         494.24124      1071.3298
       1.2060001         503.33095      1072.3364
       1.2080001         488.44779      1073.3133
       1.2100001         487.64870      1074.2886
       1.2120001         492.74293      1075.2741
       1.2140001         493.64195      1076.2614
       1.2160001         492.44327      1077.2463
       1.2180001         489.14701      1078.2246
       1.2200001         486.94948      1079.1985
       1.2220001         484.85184      1080.1682
       1.2240001         484.05275      1081.1363
       1.2260001         481.15603      1082.0986
       1.2280001         476.56125      1083.0517
       1.2300001         478.65886      1084.0090
       1.2320001         474.46359      1084.9580
       1.2340001         472.36595      1085.9027
       1.2360001         471.36710      1086.8454
       1.2380001         469.76889      1087.7850
       1.2400001         464.77452      1088.7145
       1.2420001         463.67580      1089.6419
       1.2440001         461.37837      1090.5646
       1.2460001         462.97658      1091.4906
       1.2480001         462.77679      1092.4161
       1.2500001         461.87783      1093.3399
       1.2520001         456.58383      1094.2530
       1.2540001         456.88347      1095.1668
       1.2560001         454.58609      1096.0760
       1.2580001         452.78809      1096.9816
       1.2600001         452.48843      1097.8865
       1.2620001         449.19220      1098.7849
       1.2640001         447.29430      1099.6795
       1.2660001         446.19558      1100.5719
       1.2680001         441.20121      1101.4543
       1.2700001         444.79710      1102.3439
       1.2720001         444.69727      1103.2333
       1.2740001         442.59963      1104.1185
       1.2760001         444.59737      1105.0077
       1.2780001         443.49859      1105.8947
       1.2800001         435.10810      1106.7649
       1.2820001         400.94671      1107.5668
       1.2840001         425.41904      1108.4176
       1.2860001         432.31124      1109.2823
       1.2880001         430.91283      1110.1441
       1.2900001         425.01951      1110.9941
       1.2920001         424.91961      1111.8440
       1.2940001         421.82312      1112.6876
       1.2960001         421.92299      1113.5315
       1.2980001         417.92751      1114.3673
       1.3000001         418.12727      1115.2036
       1.3020001         413.43257      1116.0304
       1.3040001         410.63577      1116.8517
       1.3060001         413.13294      1117.6780
       1.3080001         411.83439      1118.5016
       1.3100001         410.13632      1119.3219
       1.3120001         402.84455      1120.1276
       1.3140001         401.74580      1120.9311
       1.3160001         397.45066      1121.7260
       1.3180001         401.24640      1122.5285
       1.3200001         401.14651      1123.3308
       1.3220001         398.14988      1124.1271
       1.3240001         397.65045      1124.9224
       1.3260001         394.45404      1125.7113
       1.3280001         390.35866      1126.4920
       1.3300001         387.36207      1127.2667
       1.3320001         385.86376      1128.0384
       1.3340001         388.76048      1128.8160
       1.3360001         386.16345      1129.5883
       1.3380001         382.76726      1130.3538
       1.3400001         378.57202      1131.1110
       1.3420001         380.07030      1131.8711
       1.3440001         379.37108      1132.6299
       1.3460001         376.77405      1133.3834
       1.3480001         376.17472      1134.1358
       1.3500001         371.97945      1134.8797
       1.3520001         373.77742      1135.6273
       1.3540001         371.77968      1136.3708
       1.3560001         367.08498      1137.1050
       1.3580001         368.38350      1137.8418
       1.3600001         366.88522      1138.5755
       1.3620001         367.28478      1139.3101
       1.3640001         365.28704      1140.0407
       1.3660001         365.28704      1140.7713
       1.3680001         362.39028      1141.4960
       1.3700001         359.49359      1142.2150
       1.3720001         361.69109      1142.9384
       1.3740001         360.69221      1143.6598
       1.3760001         355.69787      1144.3712
       1.3780001         357.59572      1145.0864
       1.3800001         357.49585      1145.8014
       1.3820001         354.09967      1146.5096
       1.3840001         354.29946      1147.2182
       1.3860001         352.80118      1147.9238
       1.3880001         352.60138      1148.6290
       1.3900001         350.20408      1149.3294
       1.3920001         350.90328      1150.0312
       1.3940001         348.40608      1150.7280
       1.3960001         348.30624      1151.4246
       1.3980001         348.80567      1152.1222
       1.4000001         342.31300      1152.8068
       1.4020001         343.51164      1153.4939
       1.4040001         342.41286      1154.1787
       1.4060001         342.71256      1154.8641
       1.4080001         342.31300      1155.5487
       1.4100001         341.41398      1156.2316
       1.4120001         334.42194      1156.9004
       1.4140001         337.31866      1157.5751
       1.4160001         338.11775      1158.2513
       1.4180001         338.21765      1158.9277
       1.4200001         335.32092      1159.5984
       1.4220001         331.12565      1160.2606
       1.4240001         330.72609      1160.9221
       1.4260001         327.72947      1161.5775
       1.4280001         328.12906      1162.2338
       1.4300001         325.33220      1162.8845
       1.4320001         329.62734      1163.5437
       1.4340001         328.02913      1164.1998
       1.4360001         328.12906      1164.8560
       1.4380001         327.92926      1165.5119
       1.4400001         318.43999      1166.1488
       1.4420001         318.24023      1166.7852
       1.4440001         319.33898      1167.4239
       1.4460001         321.23682      1168.0664
       1.4480001         321.23682      1168.7089
       1.4500001         318.34010      1169.3456
       1.4520001         315.04381      1169.9756
       1.4540001         313.94506      1170.6035
       1.4560001         312.74644      1171.2290
       1.4580001         316.34236      1171.8617
       1.4600001         315.24361      1172.4922
       1.4620001         311.74758      1173.1157
       1.4640001         310.14938      1173.7360
       1.4660001         310.44904      1174.3569
       1.4680001         311.04833      1174.9790
       1.4700001         309.84971      1175.5987
       1.4720001         306.95296      1176.2126
       1.4740001         303.05735      1176.8187
       1.4760001         304.45579      1177.4276
       1.4780001         304.05623      1178.0357
       1.4800001         306.45353      1178.6486
       1.4820001         304.05623      1179.2567
       1.4840001         303.55680      1179.8639
       1.4860001         302.95748      1180.4698
       1.4880001         285.17759      1181.0401
       1.4900001         301.15953      1181.6424
       1.4920001         301.45920      1182.2454
       1.4940001         302.95748      1182.8513
       1.4960001         296.86439      1183.4450
       1.4980001         299.06190      1184.0431
       1.5000001         300.76000      1184.6447
       1.5020001         292.06980      1185.2288
       1.5040001         279.58390      1185.7880
       1.5060001         284.47837      1186.3569
       1.5080001         291.57037      1186.9401
       1.5100001         294.36720      1187.5288
       1.5120001         290.97101      1188.1107
       1.5140001         287.97442      1188.6867
       1.5160001         287.87455      1189.2624
       1.5180001         288.07432      1189.8386
       1.5200001         286.27634      1190.4111
       1.5220001         282.08110      1190.9753
       1.5240001         283.17985      1191.5417
       1.5260001         284.27860      1192.1102
       1.5280001         284.27860      1192.6788
       1.5300001         276.18775      1193.2311
       1.5320001         281.98117      1193.7951
       1.5340001         278.08562      1194.3513
       1.5360001         280.28313      1194.9118
       1.5380001         276.98684      1195.4658
       1.5400001         272.69170      1196.0112
       1.5420001         274.98910      1196.5612
       1.5440001         277.48630      1197.1162
       1.5460001         276.88697      1197.6699
       1.5480001         270.79386      1198.2115
       1.5500001         270.99359      1198.7535
       1.5520001         272.79160      1199.2991
       1.5540001         267.29781      1199.8337
       1.5560001         266.79838      1200.3673
       1.5580001         268.59632      1200.9045
       1.5600001         267.99700      1201.4405
       1.5620001         269.39547      1201.9793
       1.5640001         266.59859      1202.5125
       1.5660001         265.10030      1203.0427
       1.5680001         263.00264      1203.5687
       1.5700001         264.20132      1204.0971
       1.5720001         266.99812      1204.6311
       1.5740001         260.70527      1205.1525
       1.5760001         253.31363      1205.6591
       1.5780001         254.41236      1206.1679
       1.5800001         264.70074      1206.6973
       1.5820001         258.70753      1207.2147
       1.5840001         258.80742      1207.7324
       1.5860001         259.60648      1208.2516
       1.5880001         248.71882      1208.7490
       1.5900001         240.22840      1209.2295
       1.5920001         252.31475      1209.7341
       1.5940001         258.00827      1210.2501
       1.5960001         250.31701      1210.7507
       1.5980001         254.21259      1211.2592
       1.6000001         250.91633      1211.7610
       1.6020001         248.61893      1212.2582
       1.6040001         249.41801      1212.7571
       1.6060001         247.42027      1213.2519
       1.6080001         248.81871      1213.7495
       1.6100001         239.72898      1214.2290
       1.6120001         242.72558      1214.7145
       1.6140001         244.62344      1215.2037
       1.6160001         237.13191      1215.6780
       1.6180001         242.02638      1216.1620
       1.6200001         236.63247      1216.6353
       1.6220001         238.03090      1217.1113
       1.6240001         241.32718      1217.5940
       1.6260001         239.92874      1218.0739
       1.6280001         241.52695      1218.5569
       1.6300001         239.02977      1219.0350
       1.6320001         238.43043      1219.5118
       1.6340001         235.63360      1219.9831
       1.6360001         235.43383      1220.4540
       1.6380001         227.14320      1220.9083
       1.6400001         225.94457      1221.3601
       1.6420001         226.34411      1221.8128
       1.6440001         227.54276      1222.2679
       1.6460001         229.14094      1222.7262
       1.6480001         228.94117      1223.1841
       1.6500001         226.94344      1223.6380
       1.6520001         226.54388      1224.0911
       1.6540001         225.94457      1224.5429
       1.6560001         225.74479      1224.9944
       1.6580001         224.94570      1225.4443
       1.6600001         224.24647      1225.8928
       1.6620001         224.34637      1226.3415
       1.6640001         222.44852      1226.7864
       1.6660001         220.95020      1227.2283
       1.6680001         219.05235      1227.6664
       1.6700001         222.24874      1228.1109
       1.6720001         217.05461      1228.5450
       1.6740001         219.05235      1228.9831
       1.6760001         215.85597      1229.4148
       1.6780001         216.55518      1229.8479
       1.6800001         207.76512      1230.2635
       1.6820001         205.16804      1230.6738
       1.6840001         212.65957      1231.0991
       1.6860001         212.85935      1231.5249
       1.6880001         211.76060      1231.9484
       1.6900001         210.26230      1232.3689
       1.6920001         212.06026      1232.7930
       1.6940001         210.96149      1233.2149
       1.6960001         209.76286      1233.6345
       1.6980001         208.66409      1234.0518
       1.7000001         206.06703      1234.4639
       1.7020001         204.46883      1234.8729
       1.7040001         204.96828      1235.2828
       1.7060001         204.76851      1235.6923
       1.7080001         201.47223      1236.0953
       1.7100001         201.07270      1236.4974
       1.7120001         197.97617      1236.8934
       1.7140001         203.46996      1237.3003
       1.7160001         201.97167      1237.7043
       1.7180001         200.77302      1238.1058
       1.7200001         199.07494      1238.5040
       1.7220001         197.27697      1238.8985
       1.7240001         195.17933      1239.2889
       1.7260001         197.97617      1239.6848
       1.7280001         196.87742      1240.0786
       1.7300001         198.17594      1240.4749
       1.7320001         193.38137      1240.8617
       1.7340001         187.18836      1241.2361
       1.7360001         182.49367      1241.6011
       1.7380001         186.08962      1241.9732
       1.7400001         190.28488      1242.3538
       1.7420001         189.98520      1242.7338
       1.7440001         190.48465      1243.1148
       1.7460001         186.48917      1243.4877
       1.7480001         186.98859      1243.8617
       1.7500001         185.59019      1244.2329
       1.7520001         184.79109      1244.6025
       1.7540001         185.39040      1244.9732
       1.7560001         184.69119      1245.3426
       1.7580001         184.09188      1245.7108
       1.7600001         182.89325      1246.0766
       1.7620001         179.09754      1246.4348
       1.7640001         180.49593      1246.7958
       1.7660001         181.49480      1247.1588
       1.7680001         179.99651      1247.5188
       1.7700001         178.89776      1247.8766
       1.7720001         179.19740      1248.2350
       1.7740001         178.99762      1248.5930
       1.7760001         176.10091      1248.9452
       1.7780001         174.50272      1249.2942
       1.7800001         175.40172      1249.6450
       1.7820001         174.50272      1249.9940
       1.7840001         173.30407      1250.3406
       1.7860001         173.70361      1250.6880
       1.7880001         174.50272      1251.0370
       1.7900001         173.10430      1251.3832
       1.7920001         171.90567      1251.7270
       1.7940001         170.70699      1252.0684
       1.7960001         170.40736      1252.4092
       1.7980001         170.10769      1252.7495
       1.8000001         169.70812      1253.0889
       1.8020001         167.01117      1253.4229
       1.8040001         168.60938      1253.7601
       1.8060001         168.60938      1254.0973
       1.8080001         168.30972      1254.4340
       1.8100001         168.40962      1254.7708
       1.8120001         167.31085      1255.1054
       1.8140001         165.61277      1255.4366
       1.8160001         160.31875      1255.7573
       1.8180001         151.82835      1256.0609
       1.8200001         159.41978      1256.3798
       1.8220001         159.61954      1256.6990
       1.8240001         162.21661      1257.0234
       1.8260001         162.61617      1257.3487
       1.8280001         160.91809      1257.6705
       1.8300001         160.41865      1257.9913
       1.8320001         159.12011      1258.3096
       1.8340001         158.32101      1258.6262
       1.8360001         157.92147      1258.9421
       1.8380001         156.02359      1259.2541
       1.8400001         156.02359      1259.5662
       1.8420001         153.82609      1259.8738
       1.8440001         153.92599      1260.1817
       1.8460001         153.32665      1260.4883
       1.8480001         150.82948      1260.7900
       1.8500001         154.42543      1261.0988
       1.8520001         153.22676      1261.4053
       1.8540001         152.32778      1261.7099
       1.8560001         150.72960      1262.0114
       1.8580001         152.32778      1262.3160
       1.8600001         150.13027      1262.6163
       1.8620001         150.23016      1262.9168
       1.8640001         150.72960      1263.2182
       1.8660001         149.23129      1263.5167
       1.8680001         149.03152      1263.8147
       1.8700001         150.62972      1264.1160
       1.8720001         147.13366      1264.4103
       1.8740001         139.94180      1264.6902
       1.8760001         129.75331      1264.9497
       1.8780001         143.93728      1265.2375
       1.8800001         146.03490      1265.5296
       1.8820001         147.23355      1265.8241
       1.8840001         146.23468      1266.1165
       1.8860001         143.73750      1266.4040
       1.8880001         145.13593      1266.6943
       1.8900001         142.23918      1266.9788
       1.8920001         140.64101      1267.2601
       1.8940001         139.44236      1267.5389
       1.8960001         137.14495      1267.8132
       1.8980001         138.84303      1268.0909
       1.9000001         139.54224      1268.3700
       1.9020001         140.74089      1268.6515
       1.9040001         138.44349      1268.9284
       1.9060001         138.84303      1269.2061
       1.9080001         137.54450      1269.4811
       1.9100001         137.64438      1269.7564
       1.9120001         135.24710      1270.0269
       1.9140001         136.84528      1270.3006
       1.9160001         135.84641      1270.5723
       1.9180001         135.14722      1270.8426
       1.9200001         133.14946      1271.1089
       1.9220001         134.84754      1271.3786
       1.9240001         133.94857      1271.6465
       1.9260001         134.24823      1271.9150
       1.9280001         132.05071      1272.1791
       1.9300001         131.15172      1272.4414
       1.9320001         130.65230      1272.7027
       1.9340001         131.85094      1272.9664
       1.9360001         132.65003      1273.2317
       1.9380001         131.95083      1273.4956
       1.9400001         129.75331      1273.7551
       1.9420001         129.25387      1274.0136
       1.9440001         120.16415      1274.2539
       1.9460001         119.06539      1274.4921
       1.9480001         126.95646      1274.7460
       1.9500001         125.95759      1274.9979
       1.9520001         125.35827      1275.2486
       1.9540001         128.45478      1275.5055
       1.9560001         127.45591      1275.7604
       1.9580001         126.95646      1276.0144
       1.9600001         125.95759      1276.2663
       1.9620001         123.85997      1276.5140
       1.9640001         122.06201      1276.7581
       1.9660001         122.96099      1277.0040
       1.9680001         123.85997      1277.2518
       1.9700001         123.76008      1277.4993
       1.9720001         121.16303      1277.7416
       1.9740001         120.66359      1277.9829
       1.9760001         122.26178      1278.2275
       1.9780001         119.26517      1278.4660
       1.9800001         119.46494      1278.7049
       1.9820001         120.36392      1278.9456
       1.9840001         119.56483      1279.1848
       1.9860001         117.66698      1279.4201
       1.9880001         119.36505      1279.6588
       1.9900001         119.66472      1279.8982
       1.9920001         117.86674      1280.1339
       1.9940001         116.06878      1280.3660
       1.9960001         117.16754      1280.6004
       1.9980001         115.76912      1280.8319
       2.0000001         116.86787      1281.0657
       2.0020002         115.96889      1281.2976
       2.0040001         114.67036      1281.5269
       2.0060001         114.57047      1281.7561
       2.0080000         115.26968      1281.9866
       2.0100001         114.77025      1282.2162
       2.0120002         114.37070      1282.4449
       2.0140001         113.67149      1282.6722
       2.0160001         113.57160      1282.8994
       2.0180000         113.27194      1283.1259
       2.0200001         111.47397      1283.3489
       2.0220002         110.57499      1283.5700
       2.0240000         111.47397      1283.7930
       2.0260001         111.37408      1284.0157
       2.0280002         110.57499      1284.2369
       2.0300001         108.47736      1284.4538
       2.0320002         109.67601      1284.6732
       2.0340000         109.07668      1284.8913
       2.0360001         108.17770      1285.1077
       2.0380002         106.27984      1285.3202
       2.0400001         107.67827      1285.5356
       2.0420001         107.47849      1285.7505
       2.0440000         107.47849      1285.9655
       2.0460001         106.97906      1286.1795
       2.0480001         106.17996      1286.3918
       2.0500001         105.78041      1286.6034
       2.0520001         104.58176      1286.8125
       2.0540001         104.48188      1287.0215
       2.0560001         104.48188      1287.2305
       2.0580001         103.88256      1287.4382
       2.0600001         102.68391      1287.6436
       2.0620001         102.18448      1287.8480
       2.0640001         100.38651      1288.0488
       2.0660001         102.38426      1288.2535
       2.0680001         101.78492      1288.4571
       2.0700001         100.18674      1288.6575
       2.0720001         100.28663      1288.8580
       2.0740001         100.78606      1289.0596
       2.0760001         100.48639      1289.2606
       2.0780001          99.887074     1289.4604
       2.0800001          98.668450     1289.6577
       2.0820001          98.528610     1289.8547
       2.0840001          97.609648     1290.0500
       2.0860001          98.408745     1290.2468
       2.0880001          98.238939     1290.4433
       2.0900001          97.769470     1290.6388
       2.0920001          95.561967     1290.8299
       2.0940001          95.821665     1291.0216
       2.0960001          95.691816     1291.2130
       2.0980001          96.091361     1291.4051
       2.1000001          95.951521     1291.5970
       2.1020001          95.661850     1291.7884
       2.1040001          95.482052     1291.9793
       2.1060001          95.631876     1292.1706
       2.1080001          95.022575     1292.3606
       2.1100001          93.853892     1292.5483
       2.1120001          94.413259     1292.7372
       2.1140001          94.253444     1292.9257
       2.1160001          93.204626     1293.1121
       2.1180001          93.004861     1293.2981
       2.1200001          92.645259     1293.4834
       2.1220001          92.645259     1293.6687
       2.1240001          91.786229     1293.8522
       2.1260001          91.976018     1294.0362
       2.1280001          92.145824     1294.2205
       2.1300001          91.986009     1294.4045
       2.1320001          91.995993     1294.5885
       2.1340001          91.446624     1294.7714
       2.1360001          90.018229     1294.9514
       2.1380001          90.997123     1295.1334
       2.1400001          90.727427     1295.3148
       2.1420001          90.537638     1295.4959
       2.1440001          89.958296     1295.6758
       2.1460001          89.289055     1295.8544
       2.1480001          89.688608     1296.0338
       2.1500001          89.468853     1296.2127
       2.1520001          89.029350     1296.3908
       2.1540001          88.679747     1296.5681
       2.1560001          88.639782     1296.7454
       2.1580001          88.320152     1296.9221
       2.1600001          87.710836     1297.0975
       2.1620001          86.761915     1297.2710
       2.1640001          84.464506     1297.4399
       2.1660001          78.401365     1297.5967
       2.1680001          82.906269     1297.7625
       2.1700001          85.473374     1297.9335
       2.1720001          85.812987     1298.1051
       2.1740001          85.822971     1298.2768
       2.1760001          85.223653     1298.4472
       2.1780001          84.154860     1298.6155
       2.1800001          84.874050     1298.7853
       2.1820001          84.154860     1298.9536
       2.1840001          84.474497     1299.1225
       2.1860001          84.554412     1299.2916
       2.1880001          82.676523     1299.4570
       2.1900001          82.946227     1299.6229
       2.1920001          83.675400     1299.7902
       2.1940001          83.395720     1299.9570
       2.1960001          83.086067     1300.1232
       2.1980001          82.896286     1300.2890
       2.2000001          82.556666     1300.4541
       2.2020001          82.207070     1300.6185
       2.2040001          82.017281     1300.7826
       2.2060001          79.570048     1300.9417
       2.2080001          79.570048     1301.1008
       2.2100001          80.708758     1301.2623
       2.2120001          80.958479     1301.4242
       2.2140001          80.628850     1301.5854
       2.2160001          79.849728     1301.7451
       2.2180001          79.609998     1301.9043
       2.2200001          79.879695     1302.0641
       2.2220001          79.530091     1302.2232
       2.2240001          79.170496     1302.3815
       2.2260001          78.021795     1302.5376
       2.2280001          78.171627     1302.6939
       2.2300001          78.221560     1302.8503
       2.2320001          78.061753     1303.0065
       2.2340001          77.931889     1303.1623
       2.2360001          77.492387     1303.3173
       2.2380001          76.393635     1303.4701
       2.2400001          76.303736     1303.6227
       2.2420001          76.333702     1303.7754
       2.2440001          76.153905     1303.9277
       2.2460001          76.034048     1304.0797
       2.2480001          75.115078     1304.2300
       2.2500001          75.324849     1304.3806
       2.2520001          75.035178     1304.5307
       2.2540001          73.936404     1304.6786
       2.2560001          74.136191     1304.8268
       2.2580001          74.325980     1304.9755
       2.2600001          74.126192     1305.1237
       2.2620001          72.907575     1305.2696
       2.2640001          73.207230     1305.4160
       2.2660001          73.067398     1305.5621
       2.2680001          73.187255     1305.7085
       2.2700001          72.887600     1305.8543
       2.2720001          72.687820     1305.9996
       2.2740001          72.438099     1306.1445
       2.2760001          72.308258     1306.2891
       2.2780001          72.338217     1306.4338
       2.2800001          71.569086     1306.5769
       2.2820001          69.990874     1306.7169
       2.2840001          71.169534     1306.8593
       2.2860001          71.159550     1307.0016
       2.2880001          71.189509     1307.1440
       2.2900001          71.019710     1307.2860
       2.2920001          70.590191     1307.4272
       2.2940001          69.121853     1307.5654
       2.2960001          69.001996     1307.7034
       2.2980001          69.111870     1307.8417
       2.3000001          69.451482     1307.9806
       2.3020001          69.471464     1308.1195
       2.3040001          69.231734     1308.2580
       2.3060001          69.151820     1308.3963
       2.3080001          68.932072     1308.5341
       2.3100001          68.622419     1308.6714
       2.3120001          68.592452     1308.8086
       2.3140001          68.182916     1308.9449
       2.3160001          67.713455     1309.0804
       2.3180001          67.373828     1309.2151
       2.3200001          67.603574     1309.3503
       2.3220001          66.674621     1309.4837
       2.3240001          65.286190     1309.6142
       2.3260001          65.515929     1309.7453
       2.3280001          66.215143     1309.8777
       2.3300001          66.085295     1310.0099
       2.3320001          65.765642     1310.1414
       2.3340001          65.635794     1310.2727
       2.3360001          65.286190     1310.4032
       2.3380001          64.886638     1310.5330
       2.3400001          65.126368     1310.6633
       2.3420001          65.316156     1310.7939
       2.3440001          65.016494     1310.9239
       2.3460001          64.786755     1311.0535
       2.3480001          64.646915     1311.1828
       2.3500001          64.457127     1311.3117
       2.3520001          62.818982     1311.4373
       2.3540001          62.319544     1311.5620
       2.3560001          62.749059     1311.6875
       2.3580001          62.589244     1311.8127
       2.3600001          63.008764     1311.9387
       2.3620001          62.978797     1312.0646
       2.3640001          62.878915     1312.1904
       2.3660001          62.769041     1312.3159
       2.3680001          62.559278     1312.4411
       2.3700001          62.039864     1312.5651
       2.3720001          61.999903     1312.6891
       2.3740001          60.591501     1312.8103
       2.3760001          61.570392     1312.9335
       2.3780001          61.850075     1313.0572
       2.3800001          61.650303     1313.1805
       2.3820001          60.911135     1313.3023
       2.3840001          58.783543     1313.4198
       2.3860001          59.013285     1313.5379
       2.3880001          59.972197     1313.6578
       2.3900001          60.221915     1313.7783
       2.3920001          60.012159     1313.8983
       2.3940001          59.962206     1314.0182
       2.3960001          59.892286     1314.1380
       2.3980001          59.822370     1314.2576
       2.4000001          59.372877     1314.3764
       2.4020001          59.582640     1314.4956
       2.4040001          59.382864     1314.6143
       2.4060001          59.123155     1314.7326
       2.4080001          59.083205     1314.8507
       2.4100001          58.953349     1314.9686
       2.4120001          58.873438     1315.0864
       2.4140001          57.275247     1315.2009
       2.4160001          55.926774     1315.3128
       2.4180001          57.415087     1315.4276
       2.4200001          57.634842     1315.5429
       2.4220001          57.604872     1315.6581
       2.4240001          57.195336     1315.7725
       2.4260001          57.105438     1315.8867
       2.4280001          57.055496     1316.0008
       2.4300001          57.055496     1316.1149
       2.4320001          56.955606     1316.2288
       2.4340001          56.346298     1316.3415
       2.4360001          56.116559     1316.4538
       2.4380001          55.926774     1316.5656
       2.4400001          56.326319     1316.6783
       2.4420001          56.106568     1316.7905
       2.4440001          55.966728     1316.9024
       2.4460001          54.917910     1317.0122
       2.4480001          54.508377     1317.1213
       2.4500001          54.558319     1317.2304
       2.4520001          54.258660     1317.3389
       2.4540001          54.488399     1317.4479
       2.4560001          53.639357     1317.5552
       2.4580001          53.859108     1317.6629
       2.4600001          54.508377     1317.7719
       2.4620001          54.358543     1317.8806
       2.4640001          54.288623     1317.9892
       2.4660001          53.988964     1318.0972
       2.4680001          53.839133     1318.2048
       2.4700001          52.790318     1318.3104
       2.4720001          53.239812     1318.4169
       2.4740001          53.070002     1318.5230
       2.4760001          53.369664     1318.6298
       2.4780001          52.970116     1318.7357
       2.4800001          51.711541     1318.8391
       2.4820001          51.341955     1318.9418
       2.4840001          52.131061     1319.0461
       2.4860001          51.541728     1319.1492
       2.4880001          51.631626     1319.2524
       2.4900001          52.190997     1319.3568
       2.4920001          51.921301     1319.4607
       2.4940001          51.691563     1319.5640
       2.4960001          51.461820     1319.6670
       2.4980001          51.481799     1319.7699
       2.5000001          51.491786     1320.7998
       2.5200001          49.783718     1321.7954
       2.5400001          48.085634     1322.7572
       2.5600001          46.667241     1323.6905
       2.5800001          45.448620     1324.5995
       2.6000001          44.519667     1325.4899
       2.6200001          43.001384     1326.3499
       2.6400001          42.062451     1327.1911
       2.6600001          40.743936     1328.0060
       2.6800001          39.635193     1328.7987
       2.7000001          38.626329     1329.5712
       2.7200001          37.587509     1330.3230
       2.7400001          36.588636     1331.0548
       2.7600001          35.419956     1331.7632
       2.7800001          34.640838     1332.4560
       2.8000001          33.811774     1333.1322
       2.8200001          32.932766     1333.7909
       2.8400001          32.053762     1334.4320
       2.8600001          31.154780     1335.0550
       2.8800001          30.285761     1335.6608
       2.9000001          29.656474     1336.2539
       2.9200001          28.867364     1336.8312
       2.9400001          28.138189     1337.3940
       2.9600001          27.468946     1337.9434
       2.9800001          26.789712     1338.4792
       3.0000001          26.090505     1339.0010
       3.0200001          25.441235     1339.5098
       3.0400001          24.622163     1340.0023
       3.0600001          24.192650     1340.4861
       3.0800001          23.613304     1340.9584
       3.1000001          23.033958     1341.4191
       3.1200001          22.434637     1341.8677
       3.1400001          21.955179     1342.3069
       3.1600002          21.415791     1342.7352
       3.1800002          20.936331     1343.1539
       3.2000002          20.456873     1343.5630
       3.2200002          19.977415     1343.9626
       3.2400002          19.487968     1344.3523
       3.2600002          19.048466     1344.7333
       3.2800002          18.559018     1345.1045
       3.3000002          17.999651     1345.4645
       3.3200002          17.660035     1345.8177
       3.3400002          17.350385     1346.1647
       3.3600002          16.950835     1346.5037
       3.3800002          16.571265     1346.8351
       3.4000002          16.131763     1347.1578
       3.4200002          15.822113     1347.4742
       3.4400002          15.522451     1347.7847
       3.4600002          15.182834     1348.0883
       3.4800002          14.843219     1348.3852
       3.5000002          14.543558     1348.6760
       3.5200002          14.233908     1348.9607
       3.5400002          13.914270     1349.2390
       3.5600002          13.604619     1349.5111
       3.5800002          13.324936     1349.7776
       3.6000002          13.055241     1350.0387
       3.6200002          12.795535     1350.2946
       3.6400002          12.495874     1350.5445
       3.6600002          12.206201     1350.7887
       3.6800002          11.916529     1351.0270
       3.7000002          11.606878     1351.2591
       3.7200002          11.437070     1351.4879
       3.7400002          11.067487     1351.7092
       3.7600002          10.947622     1351.9282
       3.7800002          10.767827     1352.1435
       3.8000002          10.558063     1352.3547
       3.8200002          10.368278     1352.5621
       3.8400002          10.178493     1352.7656
       3.8600002           9.9717259    1352.9651
       3.8800002           9.7709532    1353.1605
       3.9000002           9.5881597    1353.3522
       3.9200002           9.4163549    1353.5406
       3.9400002           9.2225728    1353.7250
       3.9600002           9.0217992    1353.9055
       3.9800002           8.8469983    1354.0824
       4.0000002           8.6592102    1354.2556
       4.0200002           8.5473369    1354.4265
       4.0400002           8.3755321    1354.5940
       4.0600002           8.2077208    1354.7582
       4.0800002           8.0449051    1354.9191
       4.1000002           7.8850855    1355.0768
       4.1200002           7.7302606    1355.2314
       4.1400002           7.5784322    1355.3830
       4.1600002           7.4305996    1355.5316
       4.1800002           7.2857631    1355.6773
       4.2000002           7.1449220    1355.8202
       4.2200002           7.0070779    1355.9603
       4.2400002           6.8732296    1356.0978
       4.2600002           6.7413785    1356.2326
       4.2800002           6.6135228    1356.3649
       4.3000002           6.4886641    1356.4947
       4.3200002           6.3668020    1356.6220
       4.3400002           6.2469375    1356.7469
       4.3600002           6.1310684    1356.8696
       4.3800002           6.0171975    1356.9899
       4.4000002           5.9063230    1357.1080
       4.4200002           5.7974458    1357.2240
       4.4400002           5.6915652    1357.3378
       4.4600002           5.5876827    1357.4496
       4.4800002           5.4857983    1357.5593
       4.5000002           5.3869100    1357.6670
       4.5200002           5.2900194    1357.7728
       4.5400002           5.1951269    1357.8767
       4.5600002           5.1022312    1357.9788
       4.5800002           5.0123339    1358.0790
       4.6000002           4.9234336    1358.1775
       4.6200002           4.8365319    1358.2742
       4.6400002           4.7516283    1358.3693
       4.6600002           4.6687215    1358.4626
       4.6800002           4.5878133    1358.5544
       4.7000002           4.5089024    1358.6446
       4.7200002           4.4309903    1358.7332
       4.7400002           4.3550767    1358.8203
       4.7600002           4.2801612    1358.9059
       4.7800002           4.2072433    1358.9900
       4.8000002           4.1363235    1359.0728
       4.8200002           4.0664026    1359.1541
       4.8400002           3.9984794    1359.2341
       4.8600002           3.9315555    1359.3127
       4.8800002           3.8656297    1359.3900
       4.9000002           3.8017021    1359.4660
       4.9200002           3.7387731    1359.5408
       4.9400002           3.6768432    1359.6143
       4.9600002           3.6169109    1359.6867
       4.9800002           3.5579775    1359.7578
       5.0000002           3.5000432    1359.9328
       5.0500002           3.3901674    1360.1024
       5.1000002           3.2633106    1360.2655
       5.1500002           3.1424472    1360.4226
       5.2000002           3.0265784    1360.5740
       5.2500002           2.9167026    1360.7198
       5.3000003           2.8118212    1360.8604
       5.3500003           2.7119341    1360.9960
       5.4000003           2.6160425    1361.1268
       5.4500003           2.5241461    1361.2530
       5.5000003           2.4362456    1361.3748
       5.5500003           2.3523406    1361.4924
       5.6000003           2.2724311    1361.6061
       5.6500003           2.1955180    1361.7158
       5.7000003           2.1216015    1361.8219
       5.7500003           2.0516804    1361.9245
       5.8000003           1.9837572    1362.0237
       5.8500003           1.9188307    1362.1196
       5.9000003           1.8569007    1362.2125
       5.9500003           1.7969684    1362.3023
       6.0000003           1.7400328    1362.3893
       6.0500003           1.6850949    1362.4736
       6.1000003           1.6321547    1362.5552
       6.1500003           1.5812124    1362.6342
       6.2000003           1.5322678    1362.7109
       6.2500003           1.4853208    1362.7851
       6.3000003           1.4403716    1362.8571
       6.3500003           1.3974202    1362.9270
       6.4000003           1.3554676    1362.9948
       6.4500003           1.3155127    1363.0606
       6.5000003           1.2765568    1363.1244
       6.5500003           1.2385998    1363.1863
       6.6000003           1.2026404    1363.2464
       6.6500003           1.1686788    1363.3049
       6.7000003           1.1347172    1363.3616
       6.7500003           1.1027532    1363.4168
       6.8000003           1.0717883    1363.4703
       6.8500003           1.0418221    1363.5224
       6.9000003           1.0128550    1363.5731
       6.9500003           0.98508632   1363.6223
       7.0000003           0.95811685   1363.6702
       7.0500003           0.93204628   1363.7168
       7.1000003           0.90697461   1363.7622
       7.1500003           0.88260219   1363.8063
       7.2000003           0.85912873   1363.8493
       7.2500003           0.83645440   1363.8911
       7.3000003           0.81447920   1363.9318
       7.3500003           0.79330314   1363.9715
       7.4000004           0.77272638   1364.0101
       7.4500004           0.75284893   1364.0478
       7.5000004           0.73357061   1364.0844
       7.5500004           0.71499166   1364.1202
       7.6000004           0.69691212   1364.1550
       7.6500004           0.67943184   1364.1890
       7.7000004           0.66255098   1364.2221
       7.7500004           0.64616948   1364.2544
       7.8000004           0.63028746   1364.2860
       7.8500004           0.61490481   1364.3167
       7.9000004           0.59992175   1364.3467
       7.9500004           0.58553799   1364.3760
       8.0000004           0.57145389   1364.4046
       8.0500004           0.55786927   1364.4324
       8.1000009           0.54468419   1364.4597
       8.1499999           0.53179882   1364.4863
       8.2000004           0.51941281   1364.5122
       8.2500004           0.50732645   1364.5376
       8.3000004           0.49553981   1364.5624
       8.3500004           0.48415264   1364.5866
       8.4000004           0.47316508   1364.6103
       8.4500004           0.46237727   1364.6334
       8.5000004           0.45198898   1364.6560
       8.5500004           0.44180052   1364.6781
       8.6000004           0.43191170   1364.6997
       8.6500004           0.42232257   1364.7208
       8.7000004           0.41303307   1364.7414
       8.7500004           0.40394333   1364.7616
       8.8000004           0.39515325   1364.7814
       8.8500004           0.38656296   1364.8007
       8.9000004           0.37827235   1364.8196
       8.9500004           0.37018149   1364.8381
       9.0000004           0.36229039   1364.8562
       9.0500004           0.35459910   1364.8740
       9.1000004           0.34710757   1364.8913
       9.1500004           0.33981583   1364.9083
       9.2000004           0.33272384   1364.9250
       9.2500004           0.32583165   1364.9412
       9.3000004           0.31913919   1364.9572
       9.3500004           0.31254665   1364.9728
       9.4000004           0.30615388   1364.9881
       9.4500004           0.29996087   1365.0031
       9.5000005           0.29386778   1365.0178
       9.5500005           0.28797443   1365.0322
       9.6000005           0.28218099   1365.0463
       9.6500005           0.27658730   1365.0602
       9.7000005           0.27109354   1365.0737
       9.7500005           0.26579947   1365.0870
       9.8000005           0.26050548   1365.1000
       9.8500005           0.25551115   1365.1128
       9.9000005           0.25051678   1365.1253
       9.9500005           0.24572222   1365.1376
      10.000000            0.24092762   1365.3786
      11.000001            0.16331536   1365.5419
      12.000001            0.11506991   1365.6569
      13.000001            0.08331581   1365.7403
      14.000001            0.06181012   1365.8021
      15.000001            0.04680708   1365.8489
      16.000001            0.03608920   1365.8850
      17.000001            0.02826804   1365.9132
      18.000001            0.02244462   1365.9357
      19.000001            0.01804959   1365.9537
      20.000001            0.01468340   1366.0271
      25.000001            0.00604716   1366.0574
      30.000001            0.00292470   1366.0720
      35.000002            0.00158221   1366.0799
      40.000002            0.00092965   1366.0892
      50.000002            0.00038217   1366.0930
      60.000003            0.00018479   1366.0967
      80.000004            0.00005875   1366.0979
     100.00000             0.00002415   1366.0984
     120.00001             0.00001168   1366.0987
     150.00001             0.00000480   1366.0990
     200.00001             0.00000153   1366.0990
     250.00001             0.00000063   1366.0991
     300.00001             0.00000029   1366.0991
     400.00002             0.00000010   1366.0992
    1000.0000              0.00000000   1366.0992
